2270
4099	1.994	0.132	349
4100	1.417	0.102	33
4103	1.326	0.041	10
4104	1.222	0.036	479
4105	1.138	0.019	24
4107	2.273	0.212	147
4108	1.976	0.111	230
4109	1.59	0.14	791
4113	1.555	0.015	4
4115	2.653	0.186	305
4116	2.323	0.148	159
4117	2.071	0.154	113
4118	1.883	0.11	147
4119	1.786	0.114	32
4120	1.755	0.114	74
4121	1.635	0.149	102
4122	1.578	0.13	626
4123	1.494	0.145	140
4124	1.538	0.146	231
4125	1.75	0.098	390
4126	1.664	0.161	119
4127	1.504	0.131	182
4133	2.733	0.143	30
4134	2.544	0.203	41
4135	2.225	0.116	618
4136	2.052	0.138	488
4137	1.866	0.161	69
4138	1.72	0.153	290
4140	1.699	0.141	1813
4141	1.609	0.184	449
4142	1.639	0.128	100
4143	1.92	0.144	68
4144	1.791	0.237	7
4145	1.722	0.066	21
4146	1.68	0.133	79
4147	1.671	0.247	13
4151	3.02	0.081	89
4152	2.664	0.071	37
4153	2.427	0.106	165
4154	2.39	0.023	21
4155	2.45	0.134	30
4156	2.408	0.115	192
4158	2.4	0.17	111
4159	2.377	0.136	41
4160	2.291	0.287	26
4161	2.178	0.316	17
4162	2.31	0.139	248
4163	2.212	0.12	82
4164	2.334	0.252	55
4165	2.246	0.127	36
4166	2.328	0.177	210
4167	2.189	0.147	157
4168	2.15	0.161	22
4169	1.852	0.145	119
4170	1.66	0.149	221
4171	1.763	0.134	369
4172	1.722	0.153	688
4173	1.573	0.159	927
4174	1.649	0.162	215
4175	1.649	0.146	8
4176	1.976	0.132	6
4177	2.174	0.089	2
4178	2.03	0.099	13
4179	0.95	-1.0	1
4186	2.331	0.206	24
4188	2.323	0.13	119
4189	2.113	0.08	12
4190	2.321	0.0	2
4359	1.304	0.077	23
4360	1.257	0.038	46
12291	2.844	0.228	961
12292	2.78	0.109	3
12293	2.383	0.138	19
12294	2.226	0.091	268
12299	3.082	0.251	88
12300	2.844	0.146	9
12301	3.029	0.207	3
12302	2.715	0.107	158
12307	3.346	0.298	26
12308	3.205	0.245	16
12312	2.53	0.01	2
12316	2.457	0.024	8
12317	2.493	0.047	4
12318	2.88	-1.0	1
12319	2.615	0.224	3
12320	2.872	0.122	230
12325	3.554	0.251	16
12326	3.273	0.201	21
12330	3.075	-1.0	1
12333	2.815	0.003	2
12334	2.679	0.0	2
12338	2.876	0.092	78
12339	2.863	0.077	18
12343	3.578	0.175	7
12344	3.37	0.145	35
12346	2.859	0.0	4
12352	2.722	0.017	4
12354	2.72	0.013	4
12355	2.714	0.006	2
12357	2.703	0.005	2
12365	2.615	-1.0	1
12367	2.729	0.0	2
12368	2.841	0.0	2
12369	2.889	0.082	5
12370	2.913	0.126	64
12549	2.448	0.108	26
12550	2.271	0.112	1070
12805	2.63	0.0	2
12806	2.219	0.112	35
16388	2.297	0.07	35
16389	2.022	0.097	6
16390	1.739	0.079	21
16395	2.926	0.107	13
16397	2.368	-1.0	1
16403	3.358	0.079	10
16404	2.995	-1.0	1
16416	2.399	0.154	3
16422	2.864	-1.0	1
16433	2.358	-1.0	1
16435	2.635	-1.0	1
16439	3.657	0.066	4
16442	3.052	0.0	4
16463	2.64	-1.0	1
16466	2.23	-1.0	1
16474	3.061	0.0	4
16476	3.017	0.004	8
16645	1.954	-1.0	1
16646	1.866	0.067	58
16902	1.739	0.003	2
20491	2.681	-1.0	1
20492	2.321	0.053	6
20493	2.13	0.01	2
20499	2.999	0.137	13
20500	2.605	-1.0	1
20501	2.312	0.03	12
20503	1.964	-1.0	1
20504	2.102	0.071	20
20505	1.973	0.129	56
20506	2.057	0.14	102
20507	2.103	0.101	59
20508	2.015	0.126	31
20509	2.125	0.156	30
20510	2.308	0.145	6
20511	2.129	0.022	7
20517	3.193	0.063	3
20519	2.48	0.06	9
20520	2.495	0.083	3
20522	2.21	0.082	51
20524	2.162	0.099	101
20525	2.082	0.112	124
20526	2.12	0.114	15
20527	2.327	0.103	9
20529	2.348	0.037	2
20530	2.342	0.04	4
20535	3.368	0.154	5
20536	3.023	0.074	6
20537	2.913	0.0	2
20538	2.745	0.059	2
20540	2.64	0.022	6
20543	2.452	0.156	5
20546	2.531	0.017	5
20548	2.49	-1.0	1
20549	2.655	-1.0	1
20550	2.331	0.096	7
20552	2.485	0.121	10
20553	2.283	0.063	13
20554	2.226	0.082	40
20555	2.202	0.052	12
20556	2.066	0.061	37
20557	2.084	0.094	69
20558	2.047	0.079	118
20559	2.251	0.117	30
20560	2.179	-1.0	1
20561	2.311	-1.0	1
20562	2.435	-1.0	1
20563	2.433	0.013	2
20572	2.63	0.186	9
20742	1.521	0.031	58
24587	2.613	0.106	20
24588	2.16	0.078	284
24589	1.974	0.047	4620
24595	3.05	0.045	56
24596	2.642	0.077	59
24597	2.239	0.088	457
24598	2.135	0.091	555
24599	2.172	0.143	98
24600	2.108	0.085	259
24601	2.158	0.105	190
24602	2.074	0.088	929
24603	1.95	0.077	869
24604	1.96	0.069	916
24605	1.939	0.065	118
24606	1.983	0.047	1193
24607	1.979	0.033	711
24613	3.064	-1.0	1
24614	2.841	0.055	11
24615	2.447	0.104	549
24616	2.292	0.072	791
24617	2.189	0.093	87
24618	2.216	0.173	517
24620	2.086	0.099	902
24621	2.088	0.087	449
24622	2.052	0.063	1385
24623	2.128	0.077	10
24624	2.206	0.102	24
24625	2.165	0.029	420
24626	2.137	0.046	3865
24627	2.142	0.045	449
24631	3.143	0.219	3
24632	2.957	0.115	4
24633	2.692	0.095	139
24634	2.671	0.086	86
24635	2.638	0.086	40
24636	2.658	0.089	129
24638	2.619	0.126	74
24639	2.792	0.117	5
24640	2.577	0.11	64
24641	2.655	0.095	30
24642	2.535	0.108	99
24643	2.54	0.122	49
24644	2.494	0.108	130
24645	2.519	0.107	103
24646	2.48	0.133	102
24647	2.374	0.094	327
24648	2.252	0.044	326
24649	2.199	0.071	264
24650	2.164	0.2	749
24651	2.135	0.125	206
24652	2.154	0.127	148
24653	2.116	0.075	763
24654	2.065	0.048	1624
24655	2.087	0.046	246
24656	2.085	0.032	85
24657	2.15	0.142	14
24658	2.333	0.095	57
24659	2.283	0.038	107
24666	2.632	0.121	186
24668	2.544	0.127	282
24669	2.633	0.013	4
28685	1.917	0.105	2498
28693	2.151	0.149	677
28694	1.981	0.186	3045
28695	2.028	0.211	1049
28696	2.053	0.145	1841
28697	2.163	0.147	2072
28698	2.05	0.128	5769
28699	1.968	0.102	5890
28700	2.078	0.112	6266
28701	2.02	0.086	8602
28702	2.084	0.099	4816
28703	1.988	0.101	778
28711	2.332	0.129	1551
28712	2.143	0.162	2310
28713	2.005	0.172	742
28714	2.095	0.208	1870
28716	2.113	0.076	2362
28717	2.071	0.078	1008
28718	2.06	0.065	2666
28719	2.145	0.154	853
28720	2.363	0.102	685
28721	2.268	0.123	517
28722	2.148	0.125	1595
28723	2.079	0.18	480
28729	2.532	0.172	486
28730	2.436	0.173	581
28731	2.652	0.14	119
28732	2.46	0.158	394
28734	2.48	0.157	799
28735	2.622	0.128	509
28736	2.57	0.153	381
28737	2.567	0.146	185
28738	2.527	0.152	580
28739	2.406	0.158	164
28740	2.35	0.136	454
28741	2.488	0.141	104
28742	2.369	0.154	1011
28743	2.284	0.119	469
28744	2.104	0.143	583
28745	2.022	0.147	967
28746	1.968	0.215	881
28747	2.155	0.205	792
28748	2.118	0.08	257
28749	2.123	0.081	845
28750	2.048	0.061	1603
28751	2.026	0.055	516
28752	2.377	0.157	184
28753	2.457	0.128	51
28754	2.344	0.126	270
28755	2.221	0.199	406
28762	2.379	0.161	520
28764	2.324	0.224	2431
28765	2.492	0.197	18
28766	2.577	0.294	13
32781	1.813	0.084	5736
32789	2.125	0.108	863
32790	1.915	0.122	11173
32791	1.903	0.198	15436
32792	1.954	0.181	3913
32793	2.107	0.157	10352
32794	1.996	0.097	9685
32795	2.053	0.097	10944
32796	2.047	0.088	12341
32797	1.95	0.086	17596
32798	2.032	0.08	11853
32799	1.933	0.074	685
32807	2.351	0.124	2643
32808	2.123	0.118	3737
32809	1.974	0.17	1470
32810	1.928	0.221	27905
32812	2.073	0.081	2850
32813	2.05	0.081	1705
32814	2.043	0.066	2279
32815	2.327	0.128	764
32816	2.314	0.095	2748
32817	2.154	0.082	926
32818	2.113	0.105	4190
32819	1.993	0.112	1112
32825	2.567	0.114	1825
32826	2.454	0.177	2307
32827	2.535	0.117	1086
32828	2.487	0.115	2124
32830	2.458	0.13	2212
32831	2.431	0.104	3100
32832	2.408	0.094	4213
32833	2.388	0.101	3600
32834	2.369	0.102	7337
32835	2.356	0.103	1635
32836	2.344	0.096	1972
32837	2.315	0.104	449
32838	2.325	0.122	2296
32839	2.303	0.106	772
32840	2.092	0.114	671
32841	1.96	0.138	1066
32842	1.91	0.178	6847
32843	1.761	0.224	3001
32844	2.081	0.087	267
32845	2.116	0.073	1030
32846	2.02	0.064	1649
32847	2.042	0.052	287
32848	2.318	0.171	159
32849	2.477	0.129	156
32850	2.384	0.106	1280
32851	2.273	0.151	1430
32858	2.547	0.149	707
32860	2.253	0.291	6997
32861	2.397	0.377	301
32862	2.454	0.327	277
32863	2.446	0.313	28
32864	2.459	0.044	5
32865	2.452	0.016	3
32866	2.436	0.017	3
36877	1.803	0.052	1080
36885	2.022	0.139	96
36886	1.862	0.102	841
36887	1.934	0.125	500
36888	1.906	0.068	414
36889	1.922	0.151	248
36890	1.919	0.064	261
36891	1.944	0.073	78
36892	1.914	0.088	116
36893	1.919	0.161	96
36894	2.022	0.117	75
36895	1.884	0.057	57
36903	2.148	0.126	48
36904	2.051	0.11	389
36905	1.925	0.1	390
36906	2.023	0.103	398
36908	2.007	0.095	37
36909	1.99	0.089	44
36910	1.997	0.134	78
36911	2.314	0.094	7
36912	2.237	0.081	26
36913	2.046	0.099	109
36914	1.986	0.113	370
36915	1.866	0.065	7125
36921	2.7	0.197	7
36922	2.322	0.273	44
36923	2.406	0.044	8
36924	2.424	0.147	33
36926	2.422	0.187	52
36927	2.462	0.144	16
36928	2.284	0.017	4
36929	1.96	0.0	6
36930	2.302	0.091	20
36931	2.579	-1.0	1
36932	2.037	-1.0	1
36934	2.478	0.171	19
36935	2.184	0.003	4
36936	2.033	0.089	104
36937	1.9	0.073	219
36938	1.877	0.123	112
36939	1.925	0.111	178
36940	1.943	0.041	50
36941	1.94	0.089	68
36942	1.936	0.125	43
36943	1.886	0.086	135
36944	2.373	0.0	2
36945	2.015	0.181	45
36946	2.333	0.174	47
36947	2.152	0.184	94
36954	2.355	0.106	30
36955	2.205	0.007	16
36956	2.249	0.208	154
36957	2.26	0.017	10
45067	3.333	0.249	357
45069	3.171	0.074	2
45075	3.621	0.301	37
45076	3.474	0.139	19
45081	3.229	0.011	2
45082	2.845	0.24	4
45083	2.846	-1.0	1
45084	2.904	0.123	5
45087	3.136	-1.0	1
45088	3.161	0.174	9
45093	3.667	0.266	15
45094	3.529	0.167	10
45101	2.896	-1.0	1
45102	3.032	-1.0	1
45106	3.328	0.099	41
45107	3.33	0.11	17
45111	3.704	0.248	22
45112	3.585	0.155	9
45134	3.136	-1.0	1
45136	3.234	0.09	7
45137	3.405	0.147	6
45138	3.446	0.089	11
45139	3.281	0.068	7
45317	2.704	0.014	2
45318	2.722	0.086	227
45573	2.685	-1.0	1
45574	2.671	0.086	36
49164	3.049	0.101	493
49165	2.657	-1.0	1
49166	2.65	0.11	35
49171	3.431	-1.0	1
49172	3.366	-1.0	1
49177	2.824	-1.0	1
49178	2.582	0.036	8
49181	2.753	0.017	2
49182	2.682	-1.0	1
49183	2.589	0.457	13
49184	2.762	0.06	16
49190	3.661	0.356	21
49191	2.187	0.0	6
49194	2.038	0.0	2
49197	2.818	0.099	91
49202	2.927	0.035	8
49203	2.862	0.058	15
49208	3.659	0.045	20
49209	3.53	0.075	16
49210	3.447	0.003	12
49211	3.506	0.0	3
49212	3.54	0.0	3
49214	3.463	0.0	3
49215	3.48	0.014	8
49216	3.364	0.0	3
49221	3.144	0.0	12
49229	2.7	0.086	48
49233	3.145	0.004	2
49413	2.303	0.111	5
49414	2.367	0.134	337
49670	2.212	0.103	30
53261	2.65	0.09	75
53262	2.494	0.033	25
53263	2.46	0.118	176
53264	2.312	0.122	244
53265	2.133	0.057	1768
53268	2.941	-1.0	1
53272	2.557	-1.0	1
53273	2.309	-1.0	1
53274	2.374	0.07	13
53275	2.408	0.076	10
53276	2.218	0.026	5
53277	2.362	0.059	12
53278	2.448	0.028	3
53279	2.584	0.052	4
53280	2.498	0.088	12
53281	2.448	0.051	41
53282	2.389	0.118	47
53283	2.292	0.085	438
53285	3.714	0.031	5
53286	3.495	0.045	15
53292	2.441	-1.0	1
53293	2.446	0.129	14
53294	2.433	0.044	20
53295	2.775	0.432	2
53297	2.843	-1.0	1
53298	2.832	0.0	2
53299	2.655	0.103	19
53300	2.614	0.058	32
53301	2.532	0.077	140
53303	3.896	0.054	5
53304	3.582	0.06	4
53305	3.007	0.015	2
53308	2.99	0.065	2
53322	2.657	0.017	2
53325	2.652	0.196	2
53326	2.384	0.126	3
53327	2.369	-1.0	1
53331	2.755	0.107	4
53340	3.121	0.005	2
53509	2.141	0.017	8
53510	2.025	0.131	1739
53511	1.974	0.076	1708
53512	1.886	0.069	402
53519	2.44	0.022	5
53520	2.422	0.133	28
53766	1.993	0.12	99
53767	1.991	0.05	45
53768	1.805	0.0	2
57363	3.456	0.093	18
57364	3.133	0.09	6
57366	2.796	0.021	5
57367	2.575	0.007	4
57368	2.312	0.132	8
57369	2.346	0.155	25
57370	2.317	0.078	181
57371	2.246	0.065	76
57372	2.232	0.06	127
57373	2.272	0.124	37
57374	2.4	0.032	33
57375	2.417	0.027	8
57382	3.347	0.097	2
57384	2.864	0.064	10
57385	2.614	0.078	16
57386	2.539	0.112	44
57388	2.384	0.1	132
57389	2.31	0.053	100
57390	2.349	0.089	73
57391	2.416	0.092	20
57393	2.608	0.023	14
57394	2.609	0.057	187
57395	2.616	0.05	28
57399	3.91	0.0	4
57400	3.327	0.062	5
57401	3.178	-1.0	1
57402	3.01	0.12	9
57404	3.112	-1.0	1
57406	3.201	0.072	17
57407	3.18	0.03	6
57409	3.019	0.002	2
57414	3.063	0.078	17
57416	2.802	0.062	11
57417	2.605	0.22	3
57418	2.511	0.102	48
57419	2.507	0.071	12
57420	2.416	0.134	6
57421	2.338	0.058	129
57422	2.353	0.065	146
57423	2.279	0.051	12
57424	2.491	0.004	6
57426	2.711	0.033	15
57427	2.634	0.006	15
57436	3.116	-1.0	1
61461	2.745	0.148	95
61462	2.6	0.117	229
61463	2.482	0.087	92
61464	2.388	0.078	585
61465	2.291	0.108	646
61466	2.233	0.085	3978
61467	2.208	0.074	2468
61468	2.185	0.05	4160
61469	2.253	0.041	4445
61470	2.412	0.081	105
61471	2.388	0.064	143
61479	2.932	0.069	65
61480	2.777	0.083	187
61481	2.635	0.117	100
61482	2.482	0.073	1746
61484	2.327	0.056	5311
61485	2.292	0.061	3276
61486	2.286	0.05	5592
61487	2.433	0.064	1602
61488	2.616	0.062	40
61489	2.614	0.096	88
61490	2.606	0.129	169
61491	2.603	0.124	68
61497	3.16	0.163	23
61498	2.934	0.059	8
61500	2.777	0.11	10
61502	3.004	0.076	12
61506	2.9	0.047	7
61507	2.895	0.027	8
61510	2.933	0.041	4
61511	2.94	0.082	11
61512	2.739	0.096	63
61513	2.626	0.102	97
61514	2.503	0.055	1392
61515	2.446	0.053	1319
61516	2.361	0.049	906
61517	2.309	0.05	2318
61518	2.289	0.043	5253
61519	2.277	0.047	3507
61520	2.443	0.112	63
61521	2.915	0.096	27
61522	2.747	0.085	41
61523	2.643	0.085	33
61530	2.906	0.172	59
61532	3.013	0.102	66
65557	2.678	0.142	22
65558	2.41	0.126	316
65559	2.358	0.128	423
65560	2.374	0.095	215
65561	2.382	0.098	777
65562	2.265	0.06	6744
65563	2.259	0.107	1099
65564	2.176	0.093	5196
65565	2.279	0.088	3868
65566	2.34	0.09	1243
65567	2.286	0.092	181
65575	2.813	0.109	138
65576	2.708	0.158	124
65577	2.488	0.172	325
65578	2.382	0.099	2650
65580	2.367	0.061	1598
65581	2.369	0.046	618
65582	2.304	0.049	2023
65583	2.527	0.111	3361
65584	2.585	0.095	560
65585	2.502	0.109	436
65586	2.436	0.109	1016
65587	2.455	0.125	606
65593	2.976	0.11	59
65594	2.941	0.097	35
65595	2.911	0.068	37
65596	2.869	0.1	43
65598	2.856	0.055	170
65599	2.851	0.032	34
65600	2.845	0.047	10
65601	2.833	0.096	7
65602	2.817	0.068	49
65603	2.724	0.063	5
65604	2.779	0.112	72
65605	2.788	0.06	10
65606	2.729	0.088	141
65607	2.752	0.133	34
65608	2.82	0.055	14
65609	2.453	0.169	279
65610	2.365	0.114	1692
65611	2.408	0.084	1501
65612	2.404	0.101	222
65613	2.37	0.063	430
65614	2.314	0.054	1779
65615	2.317	0.046	2999
65616	2.477	0.147	446
65617	2.695	0.116	15
65618	2.752	0.102	208
65619	2.693	0.115	298
65626	2.888	0.113	170
65628	2.797	0.097	243
65629	2.793	0.019	4
65630	2.904	0.084	12
65631	2.853	0.038	3
65632	2.861	0.039	3
69653	2.472	0.083	224
69654	2.319	0.096	2295
69655	2.336	0.082	448
69656	2.321	0.071	1124
69657	2.426	0.088	1119
69658	2.27	0.091	3085
69659	2.271	0.079	2468
69660	2.287	0.104	1839
69661	2.275	0.109	5341
69662	2.25	0.055	3554
69663	2.173	0.06	1418
69671	2.653	0.078	339
69672	2.449	0.079	1525
69673	2.4	0.087	1233
69674	2.459	0.083	2090
69676	2.418	0.052	4658
69677	2.396	0.056	2212
69678	2.317	0.055	5992
69679	2.558	0.149	591
69680	2.525	0.097	987
69681	2.465	0.092	882
69682	2.424	0.089	2442
69683	2.411	0.136	1615
69689	2.838	0.071	119
69690	2.841	0.121	119
69691	2.819	0.095	48
69692	2.781	0.072	120
69694	2.731	0.081	107
69695	2.705	0.11	112
69696	2.686	0.08	110
69697	2.672	0.07	106
69698	2.658	0.114	294
69699	2.643	0.057	37
69700	2.637	0.09	142
69701	2.597	0.059	21
69702	2.615	0.089	146
69703	2.639	0.072	72
69704	2.422	0.064	281
69705	2.4	0.082	918
69706	2.402	0.077	1610
69707	2.376	0.073	1867
69708	2.391	0.055	596
69709	2.406	0.061	1863
69710	2.317	0.047	3902
69711	2.283	0.047	2584
69712	2.402	0.149	1136
69713	2.553	0.111	140
69714	2.794	0.118	507
69715	2.649	0.119	1311
69722	2.741	0.101	120
69723	2.64	0.0	4
69724	2.671	0.094	718
69725	2.668	0.089	101
69726	2.646	0.062	151
69727	2.915	-1.0	1
69728	2.915	-1.0	1
69729	2.465	0.0	6
77843	3.86	0.291	376
77844	3.92	0.23	12
77847	3.213	0.001	2
77848	3.318	0.114	5
77849	3.574	-1.0	1
77850	3.347	0.202	2
77851	3.234	0.172	3
77852	3.212	-1.0	1
77853	3.109	0.018	2
77854	3.442	0.091	6
77856	3.468	0.099	74
77861	3.879	0.089	10
77862	3.806	0.098	7
77865	3.522	-1.0	1
77870	3.386	0.184	17
77871	3.245	0.006	2
77874	3.632	0.103	21
77875	3.653	0.066	24
77879	3.899	0.365	31
77880	4.064	0.189	4
77898	3.705	0.05	3
77905	3.736	0.08	11
77906	3.724	0.105	22
77907	3.562	0.046	4
77917	3.808	-1.0	1
78085	3.119	0.056	10
78086	3.076	0.078	1236
78342	3.053	0.091	54
81940	3.624	0.197	148
81945	3.324	0.0	2
81951	3.151	-1.0	1
81952	3.277	0.138	17
81957	3.75	0.247	3
81958	3.579	0.106	3
81967	3.517	0.128	5
81969	3.26	0.128	3
81970	3.351	0.109	66
81971	3.248	0.133	121
81975	3.903	0.192	6
81976	3.719	0.204	9
81999	3.088	0.086	20
82000	3.26	0.098	4
82001	3.332	-1.0	1
82002	3.427	0.083	10
82003	3.275	0.167	44
82182	2.676	0.105	420
82438	2.529	0.128	10
86044	2.357	-1.0	1
86050	2.614	0.099	4
86051	2.654	0.053	33
86062	2.711	0.034	2
86068	2.856	0.098	4
86069	2.929	0.116	87
86277	2.543	0.088	3
86278	2.486	0.076	1111
86279	2.235	0.091	432
86280	2.139	0.065	51
86287	2.636	0.059	24
86288	2.579	0.011	3
86534	2.318	0.055	13
86535	2.236	0.031	6
90134	2.447	0.041	8
90138	2.064	0.112	3
90139	2.246	0.138	9
90140	2.385	0.126	7
90141	2.942	-1.0	1
90143	2.492	0.0	2
90144	2.522	0.01	3
90145	2.485	0.117	41
90146	2.541	0.177	43
90147	2.433	0.118	80
90150	3.233	0.034	7
90156	2.561	-1.0	1
90157	2.338	-1.0	1
90161	2.669	0.0	2
90162	2.712	0.013	3
90163	2.886	0.029	12
90164	2.808	0.019	18
90165	2.549	0.099	48
90168	3.427	0.036	8
90194	2.727	-1.0	1
90373	2.411	0.147	3
90374	2.384	0.065	10691
90375	2.195	0.126	1582
90376	2.064	0.076	832
90383	2.673	0.12	11
90384	2.532	0.035	10
90630	2.107	0.083	61
90631	2.156	0.083	35
90632	2.07	0.052	13
94231	1.982	0.096	5
94234	2.034	0.02	4
94235	2.343	0.495	2
94236	2.565	0.11	2
94242	2.504	0.174	13
94243	2.551	0.056	20
94286	2.784	0.045	8
94470	2.252	0.064	1435
94471	2.121	0.09	1495
94472	2.011	0.108	354
94479	2.472	0.065	5
94480	2.39	0.057	73
94726	1.988	0.098	90
94727	2.114	0.095	23
98328	2.316	0.259	122
98329	2.676	0.61	5
98330	2.628	0.174	6
98331	2.444	0.217	7
98332	2.412	-1.0	1
98334	2.77	-1.0	1
98335	2.319	0.07	7
98336	2.377	0.005	4
98337	2.498	0.06	48
98338	2.464	0.069	95
98339	2.467	0.074	81
98341	3.403	0.095	2
98349	2.609	-1.0	1
98354	2.602	0.082	19
98355	2.621	0.124	15
98356	2.706	0.074	21
98357	2.697	0.16	62
98378	2.674	-1.0	1
98381	2.607	-1.0	1
98382	2.517	0.042	4
98383	2.698	0.007	2
98384	2.695	0.0	2
98386	2.694	0.025	12
98387	2.805	0.014	2
98565	2.278	0.123	19
98566	2.215	0.062	6079
98567	2.059	0.065	2058
98568	1.971	0.055	434
98575	2.437	0.042	262
98576	2.41	0.056	36
98822	1.875	0.073	3522
98823	2.04	0.107	57
98824	2.048	-1.0	1
102425	2.72	0.175	19
102426	2.799	0.191	3
102427	2.556	0.036	2
102428	2.466	-1.0	1
102431	2.424	0.108	7
102432	2.459	0.068	32
102433	2.438	0.022	14
102434	2.555	0.089	312
102435	2.526	0.069	576
102438	3.136	0.442	2
102442	2.793	-1.0	1
102444	2.84	0.049	2
102445	2.667	0.063	2
102447	2.725	0.045	3
102449	2.668	0.007	12
102450	2.629	0.094	32
102451	2.781	0.117	97
102452	2.72	0.039	105
102453	2.72	0.095	71
102476	2.865	0.033	4
102478	2.782	-1.0	1
102479	2.679	0.069	5
102480	2.61	0.003	4
102481	2.644	-1.0	1
102482	2.754	0.035	4
102483	2.876	0.07	25
102661	2.229	0.051	3
102662	2.151	0.076	2308
102663	2.219	0.127	6926
102664	2.146	0.087	1802
102671	2.358	0.119	30
102672	2.595	0.095	52
102918	1.81	0.052	4191
102919	2.195	0.102	292
106522	2.598	0.104	202
106523	2.491	0.187	5
106524	2.457	0.025	6
106525	2.521	0.059	85
106526	2.451	0.077	21
106527	2.378	0.083	72
106528	2.388	0.078	115
106529	2.415	0.096	124
106530	2.379	0.061	641
106531	2.415	0.089	769
106536	2.472	0.196	8
106537	2.286	0.2	2
106538	2.657	0.061	4
106540	2.736	0.233	12
106541	2.563	0.097	2
106542	2.655	0.086	13
106543	2.612	0.04	12
106545	2.563	0.038	33
106546	2.566	0.135	129
106547	2.53	0.063	64
106548	2.547	0.05	217
106549	2.638	0.063	191
106551	3.701	0.004	2
106552	3.508	0.08	2
106554	3.155	-1.0	1
106556	2.994	-1.0	1
106566	3.251	-1.0	1
106570	2.748	0.042	2
106571	2.863	0.014	4
106572	2.752	0.018	5
106574	2.632	0.022	3
106575	2.531	0.032	4
106576	2.588	0.079	18
106577	2.643	0.052	10
106578	2.908	0.07	24
106579	2.646	0.088	21
106757	2.157	0.091	11
106758	2.045	0.043	73977
106759	2.061	0.13	18345
106760	2.049	0.063	1657
106767	2.322	0.082	241
106768	2.301	0.104	190
107014	1.793	0.074	12040
107015	1.961	0.12	952
107016	2.056	0.059	4
107023	2.148	-1.0	1
110619	2.328	0.141	144
110620	2.371	0.047	7
110621	2.434	0.053	2
110622	2.454	0.048	6
110623	2.35	0.08	20
110624	2.394	0.094	60
110625	2.37	0.072	42
110626	2.347	0.062	177
110627	2.4	0.075	519
110629	3.216	-1.0	1
110632	2.607	0.203	16
110633	2.849	-1.0	1
110634	2.657	-1.0	1
110636	2.628	0.051	5
110637	2.343	0.113	4
110638	2.655	0.096	28
110641	2.642	0.062	6
110642	2.599	0.069	19
110643	2.528	0.069	20
110644	2.569	0.07	28
110645	2.586	0.087	222
110664	2.547	-1.0	1
110665	2.854	-1.0	1
110666	2.781	-1.0	1
110669	2.652	-1.0	1
110670	2.622	0.096	19
110671	2.671	0.081	48
110672	2.566	0.078	8
110673	2.66	0.009	3
110674	2.75	0.014	4
110675	2.742	0.053	38
110682	3.077	-1.0	1
110684	2.978	0.146	2
110853	2.087	0.014	22
110854	2.046	0.062	6856
110855	2.053	0.105	12717
110856	2.063	0.071	2113
110863	2.264	0.061	91
110864	2.276	0.097	210
111110	1.803	0.078	4742
111111	2.072	0.125	499
111120	2.287	-1.0	1
114716	2.507	0.118	285
114717	2.63	0.123	45
114718	2.399	0.077	47
114719	2.276	0.08	33
114720	2.239	0.153	25
114721	2.341	0.067	18
114722	2.3	0.082	146
114723	2.373	0.098	1107
114727	2.635	0.109	4
114728	2.372	-1.0	1
114730	2.516	0.0	2
114733	2.529	0.017	3
114734	2.574	-1.0	1
114737	2.526	0.137	25
114738	2.585	0.122	69
114739	2.544	0.049	32
114740	2.51	0.061	52
114741	2.536	0.101	184
114743	3.288	-1.0	1
114745	2.573	-1.0	1
114759	2.599	0.284	3
114760	2.412	-1.0	1
114762	2.536	-1.0	1
114765	2.702	-1.0	1
114766	2.571	0.041	9
114767	2.629	0.061	9
114768	2.643	0.008	4
114769	2.677	-1.0	1
114771	2.734	0.076	42
114780	3.048	-1.0	1
114949	1.907	0.124	14
114950	2.05	0.12	4814
114951	2.047	0.099	13255
114952	2.044	0.06	2121
114959	2.239	0.095	57
114960	2.21	0.131	728
115206	1.861	0.095	1210
115207	2.06	0.086	600
115208	1.911	-1.0	1
118813	2.62	0.118	2020
118814	2.446	0.068	11
118815	2.351	0.001	4
118816	2.323	0.106	32
118817	2.386	0.074	46
118818	2.413	0.09	829
118819	2.426	0.108	1996
118828	2.633	0.064	53
118829	2.507	0.024	3
118830	2.553	0.125	22
118831	2.821	0.094	22
118834	2.54	0.055	20
118835	2.531	0.016	25
118836	2.59	0.06	147
118837	2.655	0.086	3416
118839	3.456	0.275	3
118861	2.732	0.023	4
118862	2.504	0.134	10
118863	2.747	0.07	76
118864	2.73	0.08	9
118867	2.745	-1.0	1
119046	1.94	0.123	1590
119047	2.005	0.079	25465
119048	1.967	0.102	3697
119055	2.261	0.086	150
119056	2.295	0.091	1350
119302	2.036	0.141	1488
119303	1.985	0.102	1092
122910	2.366	0.163	30
122911	2.463	0.194	3
122912	2.644	0.12	38
122913	2.553	0.1	34
122914	2.457	0.07	203
122915	2.382	0.053	949
122917	3.448	-1.0	1
122920	2.772	0.0	2
122922	2.574	0.072	13
122924	2.486	0.1	8
122925	2.415	0.022	68
122926	2.451	0.079	14
122929	2.562	-1.0	1
122930	2.748	0.091	10
122932	2.634	0.091	18
122933	2.578	0.062	374
122935	3.714	-1.0	1
122953	2.792	0.007	4
122955	2.695	0.052	4
122957	2.507	0.065	4
122958	2.425	0.102	27
122960	2.485	0.0	2
122961	2.929	0.007	10
122963	2.553	0.0	2
123142	2.187	0.157	723
123143	2.078	0.078	11823
123144	2.046	0.087	2132
123151	2.422	0.02	9
123152	2.351	0.094	472
123398	2.026	0.127	90
123399	2.06	0.079	217
127007	2.429	0.042	65
127008	2.536	0.022	2
127009	2.44	0.063	19
127010	2.404	0.102	41
127011	2.319	0.049	192
127014	3.469	0.079	7
127018	2.476	0.063	23
127020	2.411	0.035	15
127021	2.505	0.101	24
127022	2.486	0.075	58
127023	2.515	0.031	5
127025	2.69	0.09	5
127026	2.73	0.076	3
127027	2.652	0.083	38
127028	2.59	0.034	18
127029	2.539	0.067	223
127031	3.789	0.084	6
127032	3.58	-1.0	1
127033	3.014	-1.0	1
127036	3.153	0.0	2
127039	3.25	-1.0	1
127046	3.287	-1.0	1
127050	2.462	0.091	7
127052	2.573	0.006	4
127053	2.389	0.006	3
127054	2.438	0.074	27
127055	2.571	0.142	46
127059	2.724	0.116	10
127068	3.08	0.06	3
127237	2.065	0.019	4
127238	1.99	0.082	382
127239	2.026	0.073	711
127240	1.956	0.038	124
127247	2.372	0.059	56
127248	2.372	0.087	53
127494	1.993	0.162	38
127495	1.967	-1.0	1
131109	3.617	0.095	54
131110	3.321	0.053	36
131111	2.973	0.025	4
131112	2.632	0.212	5
131113	2.438	0.113	2
131114	2.61	0.164	23
131116	2.479	0.069	131
131117	2.478	0.123	110
131118	2.462	0.119	80
131119	2.454	0.026	12
131120	2.585	0.0	2
131122	2.675	0.073	22
131123	2.658	-1.0	1
131127	3.814	0.114	37
131128	3.49	0.107	29
131130	2.988	0.0	6
131137	2.864	-1.0	1
131138	2.98	0.011	2
131142	3.055	0.027	2
131144	2.837	0.146	5
131146	2.589	0.104	48
131147	2.563	0.082	17
131148	2.529	0.058	33
131149	2.492	0.052	71
131150	2.429	0.056	78
131151	2.401	0.224	12
131155	2.733	0.0	2
131164	3.048	0.007	2
135208	2.729	0.094	9
135209	2.543	0.094	54
135210	2.623	0.114	23
135212	2.435	0.049	129
135213	2.444	0.079	20
135214	2.491	0.08	205
135215	2.585	0.061	26
135216	2.741	0.132	10
135217	2.834	0.085	43
135218	2.669	0.051	33
135219	2.668	0.015	6
135226	2.999	0.0	6
135228	3.004	0.027	6
135230	3.195	0.068	11
135234	2.866	0.091	7
135237	2.972	0.005	2
135240	2.589	0.032	8
135241	2.533	0.135	18
135242	2.556	0.123	67
135243	2.586	-1.0	1
135244	2.424	0.036	6
135246	2.391	0.043	144
135247	2.397	0.057	97
135248	2.625	0.097	9
135249	2.872	0.063	4
135250	2.811	0.048	17
135251	2.753	0.128	14
135258	3.001	0.0	2
135260	3.005	0.211	3
135430	1.918	0.039	34
139303	2.911	0.106	24
139304	2.642	0.113	16
139305	2.613	0.153	100
139306	2.481	0.102	255
139308	2.508	0.063	179
139309	2.465	0.039	40
139310	2.408	0.042	277
139311	2.619	0.085	497
139312	2.639	0.092	90
139313	2.73	0.1	58
139314	2.546	0.107	430
139315	2.486	0.15	255
139321	3.114	0.057	41
139322	3.112	0.056	22
139323	2.996	0.136	4
139324	3.018	0.069	66
139326	2.944	0.044	106
139327	3.006	0.027	4
139328	3.05	0.1	8
139329	3.05	0.0	4
139330	2.915	0.012	6
139331	2.881	0.093	12
139332	2.83	0.087	21
139333	2.837	0.086	27
139334	2.819	0.069	94
139336	2.631	0.116	8
139337	2.614	0.125	62
139338	2.438	0.12	160
139339	2.52	0.032	944
139340	2.493	0.027	18
139341	2.472	0.042	49
139342	2.447	0.046	124
139343	2.434	0.055	130
139344	2.628	0.102	63
139345	3.023	0.275	50
139346	2.802	0.147	34
139347	2.92	0.13	78
139354	3.011	0.119	49
139356	2.935	0.109	179
139357	3.019	0.125	12
139358	2.99	0.083	14
139526	1.878	0.043	6
143399	2.765	0.075	22
143400	2.697	0.098	161
143401	2.565	0.134	123
143402	2.601	0.026	760
143404	2.561	0.054	184
143405	2.509	0.047	107
143406	2.451	0.055	1167
143407	2.696	0.155	348
143408	2.588	0.094	334
143409	2.574	0.113	298
143410	2.605	0.115	322
143411	2.588	0.138	468
143417	2.951	0.037	24
143418	2.953	0.085	83
143419	2.889	0.02	3
143420	2.859	0.03	14
143422	2.792	0.052	4
143423	2.808	0.096	18
143424	2.753	0.018	2
143425	2.8	0.107	12
143426	2.769	0.06	20
143427	2.828	0.093	16
143428	2.976	0.204	24
143430	2.851	0.067	8
143433	2.511	0.091	161
143434	2.59	0.073	86
143435	2.556	0.063	673
143436	2.519	0.042	72
143437	2.505	0.057	99
143438	2.474	0.062	690
143439	2.421	0.052	657
143440	2.527	0.138	524
143441	2.707	0.113	79
143442	2.917	0.081	440
143443	2.814	0.132	745
143450	2.81	0.029	15
143452	2.814	0.078	142
143453	2.771	0.0	6
143454	2.878	0.071	5
143455	2.882	0.023	3
151589	4.009	0.332	140
151590	3.818	0.356	2
151594	3.871	0.0	2
151598	3.611	0.008	2
151599	3.353	0.049	2
151602	3.746	0.142	15
151603	3.831	0.068	36
151607	4.188	0.029	2
151608	4.478	0.0	4
151631	3.626	0.064	26
151633	3.814	0.025	4
151634	3.849	0.071	10
151635	4.057	0.0	2
151814	3.211	0.1	60
152069	3.391	0.0	2
152070	3.074	0.082	7
155686	3.703	0.25	176
155692	3.291	0.0	2
155695	3.371	-1.0	1
155696	3.544	0.083	4
155697	3.584	0.1	2
155698	3.446	0.074	26
155699	3.346	0.137	70
155703	4.039	0.114	2
155726	3.174	0.064	8
155727	3.236	0.051	4
155728	3.411	0.02	2
155729	3.492	0.006	3
155730	3.53	0.066	10
155731	3.424	0.125	86
155740	3.534	-1.0	1
155910	2.881	0.106	50
156166	2.793	0.019	4
159783	3.668	0.007	2
159790	3.065	0.107	4
159795	3.136	0.009	6
159797	3.001	0.075	52
159799	4.168	0.0	2
159822	3.006	-1.0	1
160005	2.85	0.065	35
160006	2.662	0.068	3757
160007	2.447	0.092	1229
160008	2.333	0.072	624
160015	2.866	0.05	7
160016	2.84	0.053	25
160262	2.496	0.074	63
160263	2.448	0.106	19
163884	2.862	0.104	3
163885	2.966	0.074	5
163889	2.792	0.0	2
163890	2.861	0.067	5
163891	2.834	0.001	6
163892	2.87	0.0	2
163893	2.859	0.065	58
163918	2.621	0.256	6
163922	2.821	-1.0	1
164101	2.687	0.056	9
164102	2.526	0.075	10819
164103	2.324	0.106	859
164104	2.207	0.071	586
164111	2.761	0.072	5
164112	2.714	0.091	12
164358	2.327	0.125	94
164359	2.306	0.048	18
164360	2.121	0.249	5
167977	2.545	0.259	7
167986	2.533	-1.0	1
167988	2.911	0.11	15
167989	2.72	0.162	21
168198	2.4	0.126	699
168199	2.286	0.135	368
168200	2.22	0.089	51
168207	2.55	0.051	27
168208	2.589	0.031	14
168454	2.154	0.087	82
168455	2.278	0.046	22
172074	2.611	0.276	1196
172076	2.717	0.235	7
172078	2.84	-1.0	1
172079	2.816	0.046	8
172082	2.771	0.13	26
172083	2.774	0.07	17
172084	2.625	0.111	13
172085	2.781	0.034	560
172088	3.528	-1.0	1
172106	2.435	0.4	6
172107	3.131	-1.0	1
172109	2.825	0.062	31
172110	2.839	0.065	3
172111	2.811	0.054	9
172112	2.75	0.082	4
172114	3.029	0.176	10
172115	2.901	0.049	26
172124	3.168	-1.0	1
172293	2.547	0.123	14
172294	2.33	0.066	7739
172295	2.211	0.123	2654
172296	2.124	0.137	1071
172303	2.452	0.087	104
172304	2.514	0.059	146
172550	1.998	0.074	4056
172551	2.151	0.115	185
172559	2.138	-1.0	1
180268	2.789	0.241	907
180269	2.63	0.448	2
180270	2.821	0.035	12
180271	2.889	0.088	5
180272	2.775	-1.0	1
180273	2.583	0.035	6
180274	2.658	0.061	89
180275	2.596	0.079	24
180276	2.699	0.058	95
180277	2.728	0.052	175
180295	2.868	-1.0	1
180296	2.842	0.003	2
180298	2.941	0.02	4
180299	2.921	0.019	2
180300	2.811	0.064	4
180301	2.821	0.11	31
180302	2.764	0.078	33
180303	2.744	0.039	12
180304	2.708	-1.0	1
180306	2.84	0.01	2
180307	2.771	0.084	12
180485	2.286	0.137	14
180486	2.199	0.061	23855
180487	2.075	0.074	9758
180488	2.069	0.065	1158
180495	2.297	0.085	59
180496	2.287	0.089	553
180742	1.907	0.085	9032
180743	2.041	0.05	736
180744	2.144	0.022	6
180751	2.264	0.006	5
180752	2.175	0.061	3
184365	2.418	0.193	307
184366	2.616	0.303	2
184368	2.701	-1.0	1
184369	2.693	0.123	12
184370	2.65	0.143	54
184371	2.592	0.064	15
184372	2.648	0.053	5
184373	2.683	0.082	274
184396	2.722	0.043	26
184397	2.556	0.243	2
184398	2.752	0.119	19
184399	2.801	0.1	40
184400	2.732	0.05	6
184402	2.755	0.002	2
184403	2.762	0.076	34
184412	2.76	0.002	3
184581	2.282	0.172	8
184582	2.158	0.081	10476
184583	2.088	0.073	2477
184584	2.043	0.076	914
184591	2.273	0.068	71
184592	2.286	0.091	130
184837	1.955	-1.0	1
184838	1.897	0.14	2320
184839	2.097	0.098	231
188462	2.752	0.103	388
188463	2.811	0.061	101
188465	2.547	0.095	2
188466	2.676	0.176	74
188467	2.709	0.104	95
188468	2.591	0.05	113
188469	2.616	0.048	742
188472	3.155	0.0	2
188478	2.908	-1.0	1
188486	2.856	0.096	2
188487	3.132	0.036	2
188490	2.852	-1.0	1
188491	2.769	0.008	2
188492	2.757	0.026	2
188494	2.768	0.087	6
188495	2.748	0.048	94
188496	2.735	0.002	2
188497	2.854	0.071	28
188498	3.023	0.028	11
188499	2.981	0.043	91
188508	3.265	0.257	3
188677	1.991	0.172	18
188678	2.008	0.103	5314
188679	2.036	0.056	6128
188680	2.093	0.067	919
188687	2.274	0.064	42
188688	2.32	0.056	529
188934	2.015	0.122	958
188935	2.058	0.049	247
188936	2.152	0.005	2
188944	2.24	0.02	5
192559	2.9	0.101	3364
192561	2.564	-1.0	1
192562	2.794	0.19	10
192563	2.732	0.024	6
192564	2.784	0.057	53
192565	2.855	0.107	693
192572	3.269	0.058	3
192587	2.836	0.039	6
192588	2.836	0.052	26
192589	2.797	0.08	19
192590	2.76	0.065	381
192591	2.86	0.075	482
192592	2.823	0.112	7
192774	2.103	0.176	1342
192775	2.238	0.115	4486
192776	2.366	0.087	260
192783	2.454	0.05	14
192784	2.543	0.1	762
193030	2.264	0.166	547
193031	2.257	0.111	324
196656	2.94	0.201	4
196659	2.984	0.064	32
196660	2.804	0.037	17
196661	2.758	0.114	436
196664	3.568	0.009	4
196686	2.798	0.098	30
196687	2.78	0.078	26
196691	3.016	0.052	32
196870	2.126	0.048	22
196871	2.338	0.067	3065
196872	2.349	0.091	718
196880	2.602	0.077	346
197126	2.404	0.268	54
197127	2.287	0.062	55
197128	2.4	-1.0	1
200753	2.955	0.171	88
200754	2.889	0.0	2
200755	2.863	0.044	10
200756	2.77	0.032	50
200757	2.725	0.097	156
200759	3.813	0.152	8
200760	3.681	0.078	15
200778	2.858	0.019	2
200779	2.797	0.024	24
200781	2.518	-1.0	1
200782	2.55	0.053	26
200783	2.978	-1.0	1
200784	3.021	0.014	2
200787	3.049	0.07	13
200966	2.219	0.142	122
200967	2.27	0.085	518
200968	2.202	0.095	165
200975	2.635	0.053	3
200976	2.551	0.093	59
201222	2.154	0.028	9
201223	2.375	0.146	5
204850	2.953	0.087	899
204851	2.793	0.054	34
204852	2.758	0.11	98
204853	2.853	0.161	268
204855	3.98	0.109	33
204856	3.694	0.101	6
204857	3.318	-1.0	1
204858	3.186	0.0	6
204863	3.44	0.0	11
204866	3.239	-1.0	1
204870	3.417	0.22	6
204872	2.91	0.108	3
204874	2.758	0.058	45
204875	2.763	0.034	29
204876	2.699	0.063	55
204877	2.621	0.042	19
204878	2.671	0.107	285
204879	2.795	0.143	23
204882	2.888	0.026	10
204883	2.919	0.033	56
204892	3.313	-1.0	1
205061	2.274	0.097	14
205062	2.142	0.056	3473
205063	2.292	0.117	1045
205064	2.238	0.117	507
205071	2.73	0.127	27
205072	2.541	0.104	212
205318	2.118	0.083	43
205319	2.27	0.091	24
208947	2.855	0.071	224
208948	2.85	0.165	13
208949	2.894	0.128	234
208951	3.952	0.118	44
208952	3.546	0.115	138
208953	3.197	0.0	6
208954	3.176	0.0	6
208962	3.132	0.008	6
208968	2.851	-1.0	1
208970	2.735	0.042	26
208971	2.772	0.045	65
208972	2.671	0.041	71
208973	2.56	0.005	2
208974	2.587	0.067	60
208975	2.644	0.126	38
208976	3.064	0.024	4
208979	2.917	0.049	11
209158	2.138	0.072	1532
209159	2.278	0.129	211
209160	2.296	0.143	56
209167	2.523	0.018	5
209168	2.546	0.136	44
209414	2.067	0.157	20
209415	2.126	0.081	7
213049	3.283	-1.0	1
213050	3.186	0.032	6
213054	3.262	0.059	10
213065	2.964	-1.0	1
213066	2.814	0.064	5
213067	2.696	0.064	93
213068	2.736	0.016	20
213070	2.586	0.042	47
213071	2.587	0.104	20
213072	2.775	0.059	70
213073	3.228	0.007	2
213074	3.038	0.121	16
213075	2.962	0.103	31
213084	3.046	0.062	22
213086	3.132	0.031	6
217145	3.209	0.056	95
217146	3.194	0.065	51
217147	3.29	0.09	36
217148	3.122	0.047	71
217150	3.182	0.098	77
217151	3.23	0.023	10
217152	3.032	0.06	19
217153	3.017	0.029	25
217154	3.234	0.116	37
217155	3.001	-1.0	1
217156	3.024	0.079	25
217157	2.952	0.081	48
217158	3.073	0.094	78
217159	3.01	0.073	8
217160	2.829	0.089	19
217161	2.809	0.074	35
217162	2.807	0.039	89
217163	2.778	0.05	86
217164	2.728	0.046	30
217165	2.695	0.055	207
217166	2.631	0.075	742
217167	2.605	0.067	257
217168	2.688	0.134	587
217169	2.762	0.031	19
217170	3.155	0.078	482
217171	3.034	0.123	682
217178	3.11	0.057	15
217180	3.101	0.091	310
217181	3.029	-1.0	1
217182	3.073	0.032	5
217183	3.278	-1.0	1
225335	4.284	0.401	250
225336	4.479	0.154	3
225338	4.3	0.0	2
225345	4.243	-1.0	1
225346	4.182	-1.0	1
225359	3.687	0.153	5
225361	4.067	0.113	3
225362	3.938	0.124	17
225363	4.209	0.153	5
225542	3.466	0.079	93
225797	3.377	0.162	3
225798	3.366	0.077	21
229432	4.114	0.222	163
229450	3.552	0.0	2
229459	3.736	0.11	13
229638	3.011	0.06	143
229893	2.88	0.147	17
233547	3.054	0.016	3
233733	3.081	0.085	8
233734	2.833	0.076	1326
233735	2.688	0.095	603
233736	2.523	0.083	437
233743	3.06	0.124	6
233744	2.93	0.039	18
233990	2.67	0.09	18
233991	2.643	0.048	53
237830	2.794	0.052	823
237831	2.614	0.119	672
237832	2.468	0.097	285
237839	3.058	0.078	3
237840	2.947	0.069	11
238086	2.641	0.05	15
238087	2.614	0.034	36
241926	2.778	0.064	206
241927	2.654	0.068	289
241928	2.466	0.078	279
241936	2.911	0.018	26
242182	2.669	0.149	3
242183	2.584	0.043	17
245838	3.121	0.0	2
246021	3.088	-1.0	1
246022	2.765	0.078	869
246023	2.616	0.094	635
246024	2.43	0.074	625
246031	2.982	0.053	10
246032	2.916	0.027	13
246278	2.574	0.036	7
246279	2.566	0.034	26
254027	2.979	0.014	3
254030	3.101	0.0	2
254214	2.739	0.079	2156
254215	2.571	0.089	880
254216	2.412	0.082	504
254223	2.975	0.067	29
254224	2.872	0.031	10
254470	2.53	0.062	6
254471	2.577	0.081	25
254472	2.524	0.072	10
258310	2.8	0.071	256
258311	2.586	0.064	1077
258312	2.394	0.074	972
258320	2.858	0.028	20
258566	2.728	0.033	4
258567	2.514	0.047	7
262406	2.702	0.084	521
262407	2.551	0.081	766
262408	2.382	0.071	1101
262416	2.831	0.043	10
262662	2.424	0.025	2
262663	2.542	0.093	12
266502	2.688	0.082	399
266503	2.543	0.075	873
266504	2.357	0.073	989
266511	2.874	-1.0	1
266512	2.882	-1.0	1
266758	2.385	-1.0	1
266759	2.468	0.063	25
270414	3.087	0.0	2
270597	2.818	0.04	3
270598	2.654	0.065	1859
270599	2.525	0.07	1861
270600	2.352	0.068	1884
270607	2.858	-1.0	1
270608	2.806	0.061	11
270854	2.364	-1.0	1
270855	2.498	0.079	26
274510	3.244	0.0	2
274694	2.652	0.063	318
274695	2.519	0.063	394
274696	2.341	0.07	410
274950	2.489	0.033	8
274951	2.483	0.05	5
278606	3.103	0.0	2
278789	2.78	0.04	3
278790	2.633	0.067	1090
278791	2.475	0.084	744
278792	2.32	0.076	549
278799	2.793	-1.0	1
278800	2.811	0.046	6
279046	2.492	0.036	12
279047	2.435	0.053	10
282693	3.571	0.02	8
282886	2.652	0.088	561
282887	2.482	0.071	151
282888	2.306	0.086	124
282895	2.86	0.083	21
282896	2.765	0.009	4
283143	2.408	0.013	8
286798	3.087	0.0	2
286981	2.966	0.025	5
286982	2.639	0.088	2937
286983	2.449	0.085	1028
286984	2.303	0.082	452
286991	2.941	0.051	13
286992	2.783	0.064	5
287238	2.522	0.117	24
287239	2.368	0.047	14
287240	2.438	0.119	15
290891	2.883	0.009	2
290894	3.08	0.0	2
291077	2.775	0.093	11
291078	2.614	0.076	806
291079	2.387	0.096	407
291080	2.277	0.073	118
291088	2.773	0.049	2
291334	2.41	0.052	10
291335	2.425	0.058	5
294994	2.793	-1.0	1
295173	2.576	0.11	2
295174	2.512	0.075	2031
295175	2.311	0.135	313
295176	2.187	0.052	105
295184	2.676	0.101	9
295430	2.227	0.04	8
295431	2.401	0.195	9
299081	2.935	0.019	13
299085	2.444	0.068	9
299270	2.422	0.113	1238
299271	2.235	0.142	269
299272	2.112	0.086	24
299279	2.587	0.014	2
299526	2.128	0.155	25
299527	2.306	0.09	4
303178	2.609	0.193	224
303181	2.83	0.061	41
303186	3.021	0.035	8
303187	3.094	0.087	8
303365	2.437	0.023	2
303366	2.339	0.11	3049
303367	2.217	0.153	1935
303368	2.155	0.135	174
303375	2.493	0.083	95
303376	2.538	0.062	26
303622	2.031	0.056	5449
303623	2.157	0.101	55
303631	2.495	-1.0	1
307275	2.623	0.136	788
307276	2.902	0.158	24
307277	2.654	0.229	2
307278	2.7	0.091	38
307279	2.798	0.065	25
307280	2.866	0.032	20
307281	3.215	0.027	2
307283	2.856	0.038	30
307292	2.978	0.052	4
307462	2.252	0.079	1321
307463	2.175	0.077	3580
307464	2.132	0.068	190
307471	2.412	0.041	5
307472	2.465	0.083	112
307718	1.923	0.056	7521
307719	2.12	0.096	130
307720	1.886	0.0	2
311372	2.859	0.078	562
311373	2.72	-1.0	1
311374	2.792	0.07	32
311375	2.758	0.053	14
311379	2.766	0.042	22
311386	3.025	0.009	4
311558	2.189	0.087	1793
311559	2.072	0.07	1038
311560	2.128	0.049	82
311567	2.423	0.046	4
311568	2.388	0.087	39
311814	1.915	0.055	3240
311815	2.062	0.054	67
311824	2.32	0.001	4
315469	2.724	0.063	319
315470	2.686	0.07	63
315471	2.744	0.066	28
315472	2.608	0.041	4
315475	2.736	0.041	27
315484	2.955	0.082	20
315653	2.062	0.062	7
315654	2.153	0.092	12852
315655	2.074	0.061	5020
315656	2.144	0.059	315
315663	2.27	0.077	35
315664	2.373	0.11	132
315910	1.9	0.118	1911
315911	2.083	0.068	160
315920	2.383	-1.0	1
319566	2.744	0.108	355
319567	2.776	0.059	42
319568	2.791	0.166	11
319569	2.922	0.168	32
319570	2.906	0.19	32
319571	2.705	0.061	5
319580	2.758	-1.0	1
319749	2.036	0.216	17
319750	2.027	0.094	3997
319751	2.032	0.066	5584
319752	2.08	0.065	362
319759	2.269	0.075	48
319760	2.281	0.065	592
320005	1.959	-1.0	1
320006	1.991	0.09	2070
320007	1.971	0.057	120
320016	2.338	0.13	6
323663	2.79	0.081	2719
323664	3.007	0.124	2
323665	3.024	0.092	18
323666	3.072	0.033	2
323667	2.878	0.025	24
323846	2.03	0.052	2901
323847	2.032	0.055	1077
323848	2.034	0.053	8
323855	2.232	0.093	43
323856	2.305	0.056	231
324102	1.993	0.084	1282
324103	2.046	0.03	44
327760	2.563	0.28	40
327941	2.115	-1.0	1
327942	2.074	0.022	854
327943	2.4	0.112	842
327944	2.393	0.108	38
327951	2.407	0.169	4
327952	2.444	0.129	153
328198	2.046	0.025	83
328199	2.415	0.141	4
331857	3.111	0.094	39
332038	2.192	0.159	15
332039	2.577	0.081	147
332040	2.469	0.061	16
332048	2.892	0.094	15
332294	2.174	0.0	4
335954	3.13	0.067	334
336134	2.274	0.097	267
336135	2.516	0.078	605
336136	2.455	0.073	205
336143	2.887	0.106	9
336144	2.798	0.085	77
336390	2.488	0.181	4
336391	2.515	0.035	7
340051	3.116	0.085	403
340229	2.348	-1.0	1
340230	2.247	0.082	759
340231	2.471	0.097	441
340232	2.429	0.085	149
340239	2.596	0.01	2
340240	2.807	0.088	88
340486	2.311	0.126	16
340487	2.605	0.08	2
368902	2.819	0.088	2388
368903	2.523	0.148	280
368904	2.543	0.11	55
368911	2.877	0.048	7
368912	2.913	0.068	64
369158	2.526	0.077	15
369159	2.566	0.084	9
369160	2.594	0.005	2
377094	2.756	0.095	3276
377095	2.562	0.138	1706
377096	2.426	0.079	846
377103	2.977	0.035	10
377104	2.871	0.085	102
377350	2.578	0.096	74
377351	2.533	0.076	83
377352	2.487	0.049	4
381190	2.757	0.089	64
381191	2.552	0.045	31
381192	2.459	0.043	51
381200	2.851	0.011	4
385286	2.804	0.035	15
385287	2.576	0.056	22
385288	2.434	0.092	54
385296	2.834	0.057	6
389383	2.582	0.036	11
389384	2.451	0.061	18
389392	2.919	0.032	3
393479	2.601	0.006	2
393488	2.842	0.053	3
397575	2.544	0.025	3
397576	2.453	0.006	3
401671	2.538	0.02	3
401672	2.448	0.014	3
1073414	1.387	0.027	2006449
1073415	1.339	0.02	93055
1073423	1.744	0.019	78
1073424	1.732	0.017	63
1073679	1.719	0.004	4
1073680	1.729	0.017	12
1077511	1.338	0.022	905
1077519	1.582	0.019	1616
1077520	1.589	0.042	47
1077776	1.563	0.024	32
1110287	2.105	0.012	8
16781317	1.098	0.094	2596
16781318	0.98	0.026	2112472
16781319	0.88	0.05	119894
16781320	0.84	0.079	97019
16781321	0.9	0.117	37
16781326	1.405	0.113	516
16781327	1.296	0.081	424
16781328	1.205	0.095	248
16781329	1.343	0.125	13
16781344	1.493	0.121	136
16781345	1.411	0.062	6
16781346	1.036	0.189	12
16781347	0.908	0.195	7
16781365	1.612	0.001	2
16781573	1.109	-1.0	1
16781574	0.949	0.031	1406710
16781575	0.879	0.064	10118
16781576	0.849	0.075	11
16781583	1.305	0.091	150
16781830	0.947	0.03	1499
16781831	0.883	0.064	9
16797701	1.717	0.044	187
16797702	1.618	0.038	2070
16797703	1.531	0.083	4159
16797704	1.381	0.073	8037
16797705	1.382	0.031	5417
16797710	1.999	0.039	44
16797711	1.928	0.072	695
16797712	1.922	0.099	187
16797713	1.858	0.19	493
16797728	2.094	0.1	25
16797729	1.991	0.092	4
16797730	2.087	0.078	48
16797731	2.003	0.064	254
16797748	2.242	0.115	4
16797749	2.238	0.093	83
16797958	1.617	0.07	11790
16797959	1.597	0.046	1840
16797967	1.915	0.065	20
16798214	1.592	0.026	302
16798215	1.589	0.058	50
16798224	1.908	-1.0	1
16801798	1.527	0.029	637020
16801799	1.468	0.023	150866
16801800	1.432	0.026	189271
16801801	1.334	0.031	38393
16801806	1.869	0.029	29342
16801807	1.842	0.038	5149
16801808	1.813	0.026	11528
16801809	1.758	0.045	13786
16801824	1.967	0.066	881
16801825	1.966	0.045	191
16801826	1.967	0.024	910
16801827	1.955	0.034	2724
16801844	2.148	0.026	174
16801845	2.155	0.028	670
16802054	1.511	0.028	348068
16802055	1.475	0.026	14131
16802056	1.45	0.023	6
16802063	1.823	0.028	3258
16802064	1.786	0.046	3242
16802310	1.468	0.022	7400
16802311	1.443	0.023	72
16802320	1.798	0.038	5014
16805895	1.408	0.023	3210
16805896	1.423	0.041	2095
16805897	1.409	0.029	14
16805902	1.754	0.099	1798
16805903	1.704	0.054	1630
16805904	1.688	0.033	270
16805905	1.73	0.028	28
16805920	1.9	0.084	1150
16805921	1.841	0.031	118
16805922	1.876	0.075	101
16805923	1.895	0.073	34
16805940	2.023	0.186	83
16805941	2.137	0.091	58
16806150	1.379	0.037	164986
16806151	1.379	0.029	8040
16806159	1.647	0.034	2895
16806160	1.661	0.03	406
16806406	1.324	0.023	158
16806407	1.244	0.019	569
16806416	1.635	0.033	9313
16809992	1.47	0.033	552
16809998	1.635	0.056	6778
16809999	1.635	0.07	1122
16810000	1.642	0.128	47
16810001	1.439	0.037	978
16810016	1.805	0.079	798
16810017	1.792	0.078	654
16810018	1.706	0.091	175
16810019	1.831	0.225	4
16810036	1.968	0.12	442
16810037	2.09	0.176	209
16810246	1.357	0.035	163397
16810247	1.229	0.063	21334
16810255	1.568	0.038	8871
16810256	1.614	0.064	127
16810502	1.277	0.052	45
16810503	1.233	0.007	7
16810512	1.466	0.066	5968
16814089	1.467	0.061	4
16814094	1.674	0.042	643
16814095	1.588	0.033	8100
16814096	1.582	0.032	681
16814097	1.681	0.071	15
16814112	1.78	0.034	185
16814113	1.708	0.028	398
16814114	1.838	0.055	16
16814115	1.836	0.098	23
16814132	1.833	0.072	207
16814133	1.958	0.141	84
16814342	1.347	0.064	43284
16814343	1.356	-1.0	1
16814351	1.528	0.031	141
16814352	1.561	0.053	16
16814608	1.527	0.053	55
16834574	2.358	0.03	2541
16834575	2.255	0.057	143
16834576	2.15	0.115	146
16834577	2.068	0.072	971
16834592	2.398	0.032	475
16834593	2.347	0.032	22
16834594	2.295	0.088	41
16834595	2.238	0.071	154
16834612	2.533	0.09	16
16834613	2.458	0.046	75
16834822	1.875	0.023	6812
16834823	1.923	0.105	512
16834831	2.27	-1.0	1
16835078	1.841	0.04	1268
16835079	1.83	0.054	46
16838671	2.197	0.039	899
16838672	2.107	0.062	160
16838673	2.089	0.07	386
16838688	2.399	0.09	81
16838689	2.353	0.051	33
16838690	2.245	0.051	123
16838691	2.176	0.108	56
16838708	2.522	0.108	4
16838709	2.438	0.063	97
16838918	1.819	0.027	8408
16838919	1.595	0.092	425
16838927	2.222	0.058	120
16838928	2.341	0.053	6
16839174	1.767	0.036	34
16839175	1.707	-1.0	1
16839184	2.21	-1.0	1
16842768	2.051	0.038	1148
16842769	2.015	0.03	13
16842784	2.224	0.077	541
16842785	2.236	0.024	901
16842786	2.226	0.062	45
16842787	2.293	0.11	15
16842804	2.467	0.144	39
16842805	2.602	0.086	51
16843014	1.757	0.023	20548
16843015	1.667	0.066	160
16843023	2.089	0.066	308
16843024	2.104	0.059	15
16843270	1.685	0.048	213
16843280	2.09	0.061	52
16846865	2.038	0.176	23
16846880	2.275	0.078	484
16846881	2.234	0.066	207
16846882	2.248	0.132	86
16846900	2.513	0.085	303
16846901	2.506	0.087	103
16847110	1.736	0.017	21349
16847111	1.728	0.146	25
16847119	1.999	0.035	987
16847120	2.242	0.075	20
16847366	1.654	0.054	8
16847376	2.03	0.033	35
16908320	2.553	0.095	964
16908321	2.464	0.067	42
16908322	2.362	0.078	330
16908323	2.446	0.112	121
16908340	2.585	0.062	103
16908341	2.753	0.13	105
16908550	1.961	0.04	2069
16908551	2.005	0.086	371
16908552	1.972	0.024	14
16908559	2.345	0.064	22
16908806	1.911	0.031	216
16912417	2.566	0.048	232
16912418	2.384	0.021	52
16912419	2.353	0.089	37
16912436	2.58	-1.0	1
16912437	2.62	0.079	43
16912646	1.938	0.035	530
16912647	1.922	0.093	11
16912655	2.327	0.02	6
16912902	1.912	0.053	6
16912903	1.994	0.041	6
16916514	2.34	0.078	257
16916515	2.419	0.115	121
16916532	2.561	0.116	16
16916533	2.757	0.105	36
16916742	1.916	0.033	1753
16916743	1.816	0.052	51
16916751	2.2	0.085	203
16916752	2.35	-1.0	1
16916998	1.839	0.026	188
16920611	2.52	0.11	172
16920628	2.679	0.08	216
16920629	2.695	0.093	66
16920838	1.897	0.017	14052
16920839	2.116	0.054	43
16920847	2.171	0.048	44
16920848	2.453	0.054	8
16921094	1.809	0.012	19
16990260	2.723	0.104	44
16990261	2.92	0.088	165
16990470	2.119	0.027	813
16990471	2.029	0.161	49
16990472	2.253	-1.0	1
16990479	2.489	0.038	16
16990726	2.081	0.106	17
16994357	2.905	0.095	952
16994566	2.096	0.019	5472
16994567	2.26	0.068	153
16994575	2.499	0.055	12
16994822	2.017	0.024	248
16994823	2.198	0.0	2
17846534	1.579	0.004	6
17850630	1.477	0.05	197531
17850631	1.443	0.038	27211
17850639	1.805	0.021	7309
17850640	1.79	0.019	1077
17850886	1.435	0.057	17820
17850887	1.402	0.027	86
17850896	1.762	0.015	14010
17854727	1.402	0.025	779
17854735	1.618	0.073	435
17854736	1.686	0.042	102
17854982	1.321	0.014	120
17854983	1.255	0.007	2
17854991	1.727	0.0	2
17854992	1.617	0.031	622
17887503	2.189	0.045	110
17887504	2.237	-1.0	1
17887750	1.754	0.029	45
17887760	2.181	-1.0	1
17891600	2.243	0.132	11
17891856	2.171	-1.0	1
18899462	1.374	0.015	644
18899472	1.719	0.024	8
18940432	2.113	0.041	3
33611790	2.18	0.03	92
33611809	2.216	-1.0	1
33611810	1.697	0.283	3
33611828	2.321	-1.0	1
33612038	1.797	0.039	15
33612039	1.619	0.04	8
33612040	1.9	0.064	7
33612047	2.359	0.141	30
33612048	1.957	-1.0	1
33612294	1.798	0.012	4
33624117	2.68	0.0	2
33624328	1.422	0.036	2907
33685536	2.58	0.203	15
33685537	2.49	0.14	7
33685539	2.768	-1.0	1
33685766	1.918	0.053	16
33685767	1.701	-1.0	1
33685768	1.986	0.124	30
33685775	2.446	0.074	88
33685776	2.433	0.1	9
33686022	1.761	-1.0	1
33689633	2.274	0.009	2
33689634	2.293	0.0	2
33689653	2.626	0.067	4
33689862	1.847	0.036	10
33689863	1.776	-1.0	1
33689864	1.651	0.014	66
33689871	2.261	0.077	6
33689872	2.144	0.048	6
33693731	2.679	0.103	4
33693748	2.876	0.218	8
33693749	2.85	0.022	7
33693958	1.795	0.034	5
33693959	1.777	0.067	9
33693960	1.617	0.036	165
33693967	2.104	0.024	320
33697844	2.935	0.0	2
33698055	1.846	-1.0	1
33698056	1.612	0.028	8
33767476	2.657	-1.0	1
33767477	2.898	0.078	3
33767686	2.068	-1.0	1
33767687	1.865	-1.0	1
33767688	1.857	0.3	6
33767695	2.363	0.01	7
33767696	2.76	0.279	3
33771573	3.075	0.074	13
33771783	2.022	0.016	5
33771784	1.797	0.027	101
33771791	2.552	-1.0	1
33771792	2.616	0.135	3
34623750	1.556	0.01	7
34627846	1.339	0.077	66254
34627847	1.286	0.024	27881
34627848	1.216	0.019	156731
34627855	1.721	0.057	367
34627856	1.67	0.025	4767
34628102	1.31	0.017	693
34628112	1.679	0.016	8
34631943	1.258	0.023	1740
34631944	1.219	0.014	17551
34631951	1.585	0.049	1259
34631952	1.62	0.042	78
34632198	1.176	0.04	197
34632199	1.175	0.076	92
34632207	1.74	0.0	2
34632208	1.534	0.022	108
34636040	1.176	0.019	7
34636047	1.482	0.02	4992
34636048	1.495	0.029	2391
34636294	1.163	0.04	67
34636295	1.111	0.035	20
34636304	1.432	0.014	34976
34664719	2.123	0.072	84
34664720	1.945	0.026	847
34664966	1.669	0.049	38
34664967	1.554	0.039	28
34664975	2.283	0.0	2
34668816	1.905	0.021	4
34669062	1.634	0.057	151
34669071	1.922	0.01	2
35676678	1.259	0.018	43
52453894	1.196	0.051	8051
52453895	1.143	0.014	14695
52453896	1.396	0.158	10
52453903	1.538	0.014	3
52457991	1.125	0.015	602
52458000	1.392	0.037	3
83914759	1.387	0.017	6
83915013	1.435	0.009	4
83915014	1.372	0.023	51389
83915015	1.356	0.02	9209
83915023	1.68	0.024	51
83919110	1.371	0.017	9274
83919111	1.407	0.021	1061
83919119	1.676	0.018	9
83951650	2.221	0.036	4
83951878	1.727	0.027	21944
83951879	1.615	0.028	996
83951887	2.089	-1.0	1
83951888	2.327	0.084	11
84025378	2.29	0.0	2
84025606	1.879	0.022	569
84025607	1.796	0.044	254
84959494	1.424	0.025	32652
84959495	1.38	0.019	15234
84959503	1.781	0.015	17
84959504	1.73	0.025	36
84963591	1.376	0.022	2482
84963599	1.719	0.049	2
84963600	1.901	0.17	11
100802822	1.849	0.009	5
100802823	1.832	0.019	4
101732615	1.429	0.012	4
101736710	1.366	0.026	48736
101736711	1.321	0.02	24294
101736719	1.723	0.021	36
101736720	1.701	0.03	31
101740807	1.309	0.017	3217
101740815	1.669	0.025	36
101740816	1.589	0.025	11
101773584	2.426	0.092	4
