26,60,96,180
42,68,94
147,176,314
162,174,210,231,244,269
59,180
0
0,39,53
0,21,55,90
0,50,74
0,68,73
0,77,100,103,180
0,32,35,37,90
0,29,68
1,46,72,75,81
10,40,49,68,90
0,180
0,17,45,78
1,4,21,46,51
58,61,63,73,76,83,180
180
0,55,72,179
0,59
0,52
38,51,63,74,180
51
55,58,306
0,51
0,2,49
33,62,83
63,84,125,162,180
18,57
56,60,70,94,145,152,180
52,92,149,178
42,82,160
41,79,162
67,91,176,180
55,166,180
53
54,173
0,2
46,76,163
57,85,88,208,297,355
0,7,10,13,60,82
0,60
3,37,56,60,68,96,123,129,135,149,166,180
59,61,63,71,169,180
46,78,166
42,74
27,42,53,69,145,168,190,282,301
46,69,180
37,61,166,208,212,295,322
40,43,77,158,180
42,48,55,80,162,178,180
170
0,29,57,66
180
2,38,87,90
3
0,10,18,21,45,64
42,51,56,64,171,177,180
59,179
58,180
59
47,72,169,180
43,74,164,180
46,72,172,196,289,315
47,66,74,166,180
53,100,159,180
31,49,54,57,61
153,170
31,58,334
53,67,173
180
41,76,79,173,180
48,63,84,118,179
1,3,40,73,166,169,175,180
41,45,51,61,73,161,180
40,55,80,156,200,205,211,280,316
48,74,168
52
307
61,171,190,283
52,69
63
52,60,180
33,53,180
35,55
68,180,277,301
0,5,7,41,58,64,74,107,143,161,180
18,62,67,73,77,170
48,76,167,180
65,180
48,69,180
59,180
57,180
50,180
180
46,165,292
57,173
63,175
190,228,290
48,77,180
40,70,158,291,334
76,300
60,180
59,180
47,57,65,77,80,163,183,204,280,304
67,163,184,285,293,299,306,309,312
303
49,67,73,80,161,166,177,280,294,312
63,180
47,77,164
67,182,303
56,68,183,301
64,182,305
53,294
61,180
60,180
42,47,60,79,160,180
43
0,5,36,58,131,147,153,159,180
0,36
0,16,64,180
6,10,18,22,26,29,63,84,122,145,159
29,51,54,59,69,71,86,93,168,180
178
296
39,43,70,163
60,180
61,180
59,179,302
54
52,68,86,168,195,298
163,167,169,180
0,27,36,63
0,21,47,50,123,180
0,37,43,50,169,178,180
61,180
0,180
0,19,33,38,41,57,89
0,36,41,46,57,62,90
1,14,16,34,37,58,66,79,87,90
0,11,15,39,45,48,52,54,69,86,107,126,134,137,140,143,161,180
11,38,54,59,68,79,90
11,30,81,87,101,131,147
0,22,29,63,91,96,98,109,116,124,137,179
0,10,54,84,130,152,163,180
1,8,31,47,67,87,90
50,87,92,110,137,154,158,180
0,4,15,30,52
40,52,57,63,85,151,172,180
28,48,71,136,179
4,65,81,108,144
28,35,45,179
24,46,58,69,110,154,180
180
0,53,180
180
0,32
68,180
58,62,73,83,180
93,120,160,180
55
56
0,56
66,180
47,77
45,48,74,180
48
0,11,54,180
0,5,56
0,18,91,110,121,128,157,178,180
83,105,110,120,144,151
0,120,163,179
122,157
13,44
16,44,63
71,84,122,130,161
0,123,149,151,153,167
1,21,27,44
80,99
0,78,107
101
138
60,62,87
60,77,80,86
86,180
65,161,170,180
61,157,160,175,180
62,180
18,21,28,31,68
65,71,78,80,147,168,180
56,60,77,91,124,180
180
60,63,71,85,93,180
47,72,114
87,90,114,117,180
83,85,112,180
54,73,148,167
114,180
43,60,80
0,50,84
65,106,165,180
180
161,180
114
67,89,180
65,180
65
65,180
0,3,14,19,22,62,126,143,171
0,7,111,133,150,172,176,180
1,38
0,26,56
72,120,134,180
90,153,170,180
95,122,125,128,174,179
0,7,11,31,57
46,64,73,96
59,93
66,123,125,180
179
45,83
78,121,180
11,53,79
74,123,125,180
72,180
71,136,154,163,173,175
67,116,120,174,179
0,8,54,66,76
42,60,80,163,180
63,69,72,74,77,89,161,180
45,50,56,75,95,148,166,176,180
71,73,76,79,180
180
16,54,77
65,180
67,180
65,180
77,178
55,180
48,67,87
95,180
54,72
180
72,95
89
88
78,94,180
0,7,9,11,27,46,60,74,86,103,151,158,173,180
0,88
0
117,136,163,180
0,3,7,67,110
0,45,65,80,117
69,180
59
69
73,77,84,90,155
51,88
73,91,180
21,138,153,159,166
136
180
180
0,11,124,129,162
0,39,125
3,29,33,63,92,99,112,145,155,180
13,31,65
64,180
66,152,179
57
56,87
67,180
50
0,155,180
0,151,171,180
0
0
84,180
111,180
112,122,139,180
119,143,145,147,153,155,159,172,180
59,88
9,58
58,93
0,2,9,57
77,180
131,170,180
18,22,26,48,71,87
48,66
78,180
77,125,180
0,46
27,30,51,78
76,180
55,82
108,132,165,174,180
29
85,118,134,165,178
118,144,151,171
99,117,128,180
131,155,164,176,180
66,73,96
91,98,101,124,129,144,174
134,149,158,180
90,109,162,179
102,114,136,180
103,127,152,168,170,174,180
57,84
0,55,93
0,56
123,150,178,180
36,56,80
68,180
67,180
48,179
39,66,180
68,178
67,160
98,102,169,180
41,67,95
0
180
0,45
97,122,138,151,161,180
180
0,33,64
180
180
180
0,38
180
180
79,91,100,106,120,180
76,86,112,144
71,77,91,96,123,146,150
55,82,124,140,180
69,71,177,180
180
65,180
0,57
32,46,50,60,62
80
39
73,180
0,57
0,13,58
1
76,98,103,128,147,167,170,177
14,70,72,114,152,174,180
64,180
67,73,77,79,167,170,179
0,57
0,58
92,180
171,179
163
0,22
64
0,180
180
0
0,2,62,98,115,117,138,145
0,124
24,92,94,125,142,147,168,180
0,12,70
64,180
64,87,155,161,180
14,59
0,55,74
54
63,180
49,79
0,38
180
0
180
69,83,180
85,139,180
94,97,154,180
104,125,146,180
106,180
57
0,27,31,66
55
20,73,88
56,77,80
61,64,180
87,90,129,167,178
171
45,47
54,72,150,177,180
80,180
29,44,80
70,139,170,180
80,128,180
91,123,137,140,144,154,180
123,179
132,180
33,73
100,150,159,180
3,6,21,120,142,155
180
0,119
180
66,180
0,16,55,91
57
5,55
55,75
62,180
55,78
62,180
152,180
152,162,180
57
61,180
73,81,170
180
78,94,125,133,148,151,154,157,160,180
79,101,103,120,138,141,144,148,151,154,180
31,69
180
94,108,112,133,167,180
99,119,123,167,180
105,141,158,170,173,180
55
67,125,131,135,144,152,175,180
4,14,22,33
84,86,91,95,106,156,180
0,19,57
83,103,118,135,160,180
54,57,64,179
62
62,83
65,180
64,180
69,155,180
106,125,148,151,153,156,167,180
58,83,180
71,159,178
63,78,86,180
0,180
0,180
180
180
94,96,110,128,156
92,113,116,120
74,155,180
23,57
72,180
64,180
58
73,131,172,178
60
47
72,84,180
62,178,180
65,83,180
58
58
0,3,180
5
201,249,257,265
0,9,21,87,110
0,8,28,57,75
4,34,44,47,170
29
46,61
85,207
0,31,52,261,337,342,357
71
86,110,186,214,217
222,283,312,329
227,246,255
274,295,299,307,309,311
260,262,291,294,308
178,201
0,19,179
1,7,14,25,311,313,316,336,358
84,190,196,316
159,180
118,149,169
320,357
59,188
66,204,236,284,301,318
56,70,73,75,84,91,96,190,212
283,294,312,338
219,222,233,282,286,288,313,334
60,188,221
74,99,156,184,186,198,204
76,154,181,184,198,318
1,11,16,22,26,30,42
3
36,106,180
30,174,208,348
221
68,84
0,20,35,53,162
14,137,157,178
71,90
102
180
10,171
134,140,143,179
346
32,56,69,84,122,161,180
0,31
51,84,86
69
59,90,103,110
90
88
0,32,46
0,41
154,172,180
31,54
0,19,23,27,33
0,12,34,37,81,90
62,138,180
0,4,36,61,81,84,90
56,58,93,104,118
70,82,90
55,90
51,53,65,95,100,106,135
63,70,90
58,90
3,40
69,89,95,111
76,85,88,90
2,5,34,58,67,90
11,42
2,7,18,38
55,96,126,128,151
1,40,62,83,90
0,14,23,60,70,73,81,85,90
0,21,29,54
32,48
0,53,63
0,10,13,35,45,57
130
180
162,180
0,19,21,27,46
50,83,90
65,73,89,113,117
70,90
0,33
60,124
42,56,70,80,90
11,44,77,107
28,44,48,51,53
144,180
10,29,32,34,49
0,44,47,57,119,141,152
47,108
58,77,83,118,143
44
32,165,180
52,68,85,105
0,157,180
44,66,104,136,162,180
34,52,137
57,68,88,112,130
48,54,56,74,92,103,112,124,155
43,52,70,76,85,90,93,96,99,126,180
54,77,91,130,177,180
0,180
0,44,160,180
0,70
115,148,151,160,180
155,180
0,42
70,97,101,127,141,180
0,39
62,80,100,106,119
38,45,47,180
35,62,81
0,45
67,180
0,34,60,180
0,180
0,61,67,76,180
313
305
20,42,55,69,163,179,231,237,244,321
54,102
175,200,237,286
12,56,310,316,354
59,316,337
31,47,59,310,327,335,338,341,345,359
188,192,197,282
4,7,17,55,315
48,315
41,60,80,183,200,285
52,55,145,173,297,311
54
41,313
56
0,54,56,180
0,56
182
0,52,79
72,148,151,169
46,307,353
71,172,183
51,307
49,64,182,301,305,308,317,322,325,327
82,130,176
66,180
185,286
76,170
184
181
32,52,122,180,300,302
201,299
55
183
186
61,174,293
50,182,201,298
183,225
66,166,297
60,180
53,74,173,178,180
63,74,78,83,180
180
180
180
53
49
22,55
60,180
63,180
48,71,75
57,180
68,175
180
180
14,47
35
60,170
61,180
164
55
50,56,180
47,63,94,180
301
56,101
56,93
195,268,290
51,308
56,307,338
46,289,305,309
31,307
64,74,173,183
184,193,280,285
198,271
1,138,156,161
0,30
0,170,180
0
1,17,21,105,115,121,123,125,138,154,157
129,143
0,8,40,121,124,127,159
0
0,2,140,177,179
0,41,134,166
157,160,180
0
3
62,105,127
106
180
3,39,153,180
3,103,129,168,180
57,65,76,85,105
0,124,127,130,133,136,142,145,330,336,346,357
10,20,24,344
5,15,336
105,240,259,276,300,322,333,335,347
102,112,134,266,287,299,302,350
13,333,351
149,153,165,168,172,186
6,104,132,299,316,339,347
278,304,330
298,314
0,3,6,9,12,73,214,247
204,206,219,246
153,213,248,252,267
13,50,298,340
0,43,331
95,100,111,351
2,8,90,339
120,129,141,153,166,205
133,135,177,181,218,236,253,266
134,154,218,242
92,114,116,277,313
95,104,117,226,270,310,316,333,348
305
248,280,294
8,339
115,143,173,179,186
218,221,234,253,260,267
345
10,20,31,52,304,307,310,320,339
117,138,204
329,344
25,52,121,143,151,159,161,180
0,30,47,76,95,120,177,180
118,139
156,158,180
24,26
0
15,26,28,83,144,162
0,23,128,131
0,24,27,39
56,81
11,355
355
0
1,23,50,77,86,88,90
5,8,66
180
129,151,162,180
0,22,39
180
0,24
0,29,90
0,20,139,142,144,149,180
2,10,15,33
180
0
137
121,142,145,152,154,169,178
270,314
305,325
126,147
134
6,332
3,6,12,31,38,41,88
75,105
123,151,198,248
149,170,189
152,175,216
130,148,178
3,8,40,44,112
260,288,322
117,132,135
303,323
101,121
249,280
10,332,339
80,103,342
116,118,122,154,166,194
89,92,106,136
268,294,296,299,301,330
289,305
125
320
37,70,87,107,113,119
137
337
140,168,188,221
0,180
0,64,180
82
1,180
0,16,23,29,33,143,164,180
0,22,54,88,110,115,130,180
0
5,73,295,328
0
0
21,159,166,173,175
56,180
31,46
52
0,10,14,29
0
0,180
0,44
60,110,148,157,168,180
56
60,301
49,72
0
180
69
32,48,80,164
0
66,291
56
55,180
69
70,180
181
64,155,165,169,180
68,87,100,150,303
61,63,79,181,284,306,338
4,47,52,63,74,87,95,98,100,134,165
61,74,109,141,180
29,34,55,78,81,84,88,91,94,107,174
32,35,48,102,147
289
44,72,75,83,180
53,99,113
99,261
58,82,168
61,73,85,93,98,101,107,113,120,124,155,180
63,180
36,66
0
180
0,37,90
0,48,67,88,90
0
0,42,129,157,180
0,5,29,39,71,90
1,20,42,73
69,137,180
0,57,60,73,122,162,171,175,180
0,47,99,131
137
0,2,160,166,180
0,31,47,49,64,73,81,92,98,129,152,172
0,6,161,180
81
45,69,95,108
29,33,44,58,95,235,256
39,64,90,131,158
180
63
68,108,173
14,37,62,125,145,166,177,180
126,128
61,145,180
24,28,43
55,67,86,180
16,19,44,48,63,67
15,33,39,58,101
287,304,330,354
124
58,108
0,38
39,63,67,70,74,78,172
28,61,81,153,180
2,33,49,75,85
0,27,30,51,59,61,65
102,107
63,180
15,134,138,152,158
16,27,41,44,77,79,84,86,108,140,146,154,176,180
0,6,40,73,110,135,137,158,180
60,93,180
66,89,148,161,164,180
60,67,77,108,148,171,176
21,25,45
36,40,49,54,82,157,171,180
34,57,83,173,180
53,63,69,83,125,155,178,180
20,47
47,312
15,33,63,120,165
25,43,61,80
123,126,142
31,46
17,46,310,342
2,31
28,31,46,73,85,90
29,31,34,57,77,83,85,95,102
67,84,174
238,293
0
16,19,32,63,150
180
63
57,77,86
180
54,72,87,90
69,80
103
28,51,72
71
294,310,330
180
70,72,177
0,4,8,17,26,55,71,75
0,9,25,31,43,49,63
37,43,67,74
43,47,78,96,101,104,109
177,179
0,29,47,90
0,154,156,179
0,19
39,89
131
0,10,13,28,46,65,72
9,65,94,101,107,112,127,165
1,235,254,277,295,297,326,337,340
9,110,127,174
19,50,81,122,151,173
128,177,196,230
10,21
71,89,99,105,179
70,180
66,208,306,333
131
47,79,90
38,50,69,93,96,101,118,139,156
19,60
41,134,151,180
0,33,68
90
180
180
0,21,28,37,41,88
114,136,156,160,169
9,41
99,160,165,167,170
61,195,248,284,302,318
0,13,16,19,84,108,114,117,122,130,135,144
14,60,80,180
57,74,180
58,162,180
0,28,37,89,140,159
57,59,69,180
26,46,66
32,54,87,157,166,169
39,48,56,70,73
2,9,18,41,67,78,102,162
0,36,48,52
49,81,163
180
8,58
28,61
60,102,180
0,9,22,53,76
0,153,180
30,56
0,112,157,180
0,36,141,150,176,180
30,32,34,37,60,88,146,176,180
98
95,109
0,7,15,23
6
0,3,5,14,39,78,96,133,135,151,179
7,11,22,49,312,338,342,348,356,358
17,47,79,150,179,190,193,196,284,308,321
69,86
45,49,58
47,73,94,108,161,166,177,180
180
28,48
2,13,24,46,72,102,180
10,34,39,50,115,133,180
78,104,170
73,168
33,58,90,100,148,180
2,32,51
0,2,43
62,180
52,307
43,51,155,178,294
24,40,66,184,187,189,198,205,306
66,163
0,23
0
114,134,180
0
0
1
0
0,180
180
0
8,15,37,129,153,188,194,198,358
11,14,354
216
22,233,255,266,274,342,345,358
2,247,298,342,346
298,347
17,118,146
0,180
68,180
65,74,168,184
295
180
183
180,253
56
1,15,18,55,308
62,77,181,302,319
73,157,176
63,187,299
32,59,306
181
69,174,301
66,178
301
189,294
195,296
199,264,266,299,329
60,300
66,195
198,222,294
61,298,323
69,175
291,323
67,170,186,196,208,264,273,282
0,22
63,180
146,180
180
54
50
0,56
52,55,59,64,172
59
54,306
307
51,306
0
0,40,180
0,67,78,80,90
0
126,143,146,150,176
0,52,65,100,131,180
0,29,56,60,103,105,131,151,153,171
0,180
0,8,10,156,159,174,180
0,26
0
180
180
0,16,26,32,35,40,46,49,56,71,102,115,118,127,130,135
0,57,82,160,180
180
0,45,180
0,179
0,65,75,77,112,149,180
180
1,4,6,51,71,127,130,149,171,180
12,35,37,55,91,93,106,111,129,140,154,169,175,177
24,110,126,144,159,177
13,28,103,125,151
129,148,175,217,223,227,232,239,243,245,247,252,258,269,272,295,326,347
7,9,33
139,157,172,180,184,214
157,173,220
48,73,90,121,140,155,157,232,239,244,264,329,336
165,219,248
4,35,44,63,87
8,133,175,180
23
149,151,165
64,180
56,305
58,305
0,63,180
134,180
58
180
60,180
63,174,298
62,174
1,151,170,180
59,180
54
180
12,52
47
49,299
51,295
302,328
302
181
60,83,176
71,104
305
189,209,298
296
198,251,288
60,185,303,305
54,305
179,186,195,243,269,295
54,296
190,207,285
194,269,294,297
0
0,49,63,65,74,83,92,104,111,132,149,180
0,42,76
0,5,23,155,180
2,6,8,18,37,50,52,67,90,94,112,114,134,155,158,165,170,172,180
83,116,118,149,169,256,292,296,318,332
0,10,28,138
0,10,139,145,152
40,52,178,326,329
70,72,180
71,180
9,31,35,50,82,124,169,172
0
2,10,12,18,21,50,64,75,102,129,152,158
1
7,24,40,296,311
48
89
62,90,94,110,122,151,169,171
0,37,60,63,83,89
180,218
19,34,66,81,102,105,113,131,163,173,180
0,180
0,180
0,25,32,41,43,45,51,78,120,126,140,144,171
56,75,110,258,358
50,83,153
77,82,86,96,266
97,107,180
66,165
107,110,126
0,14
72,100,114,117,120
107,115
70,156,180
15,50
66,157,171
43,64,151,153,180
60,82,141
54,64,180
55,73,180
12,35,39,47,60,82
0,3,20,22,28,46
0,8,17
10,42,53,67,72,84,125,177,180
0,9,33,50,76,79
50,70,161,167,169,180
39,54
3,41,321
19,46,48,70,108
0,41
307
68
2,4,8,12,29,31
0,11,19,28,136
58,180
57,60,83,90,96,176,179
180
56
63,180
62,303,323
0
0,40,59,130,140,142,154,180
0,75,90
3,14
43,73,106,136,180
0
2,5
180
145,168,180
0,28
11,45,55,62,90,110,129,165,179
29,65,86,88,90
0
180
0,27,179
166,169,176,178
0,80,121,142,144,180
12,81,134,143,146,177,180
0,4,47,65,164
0
16,28,53
3,6,8,24
0,31
1,24,60,81
3,34,44,56
180
178,180
139,180
0,53,94
0
180
0,41,63,117,154,158,161
0,52,60,63,91,111,119,139,143,158
0,13,19,67,96,123,137,140,161
0
1,3,32
0,19
180
180
0,72,94,132
180
180
0,180
0,180
0,16,20,23,26,32,60,121,172,180
180
180
161
3,21,38
15,41,55,71,129,162
180
0,2,130,142,146,162,164,180
129,180
126,153,160,172,180
0
0,177,180
92,147,180
82,124
126,167
133,154
130,134,138,154,156,159,182,243,248,264,266,269,284,301,327,347
111,118,125
124,141
0,41,65,91,114
152,167,172,229
170,182,184,199,218,244
159,162,176,211,232,234,236
150,213,238
165,184,209,238,251,253,258
133,205,239,283,328
119,145,174,195,219
237,249,262,266,298,314,318,345
21,70,95,146
56,73
141,145,160,171,173,176,214,266
233,255,258,264,302,333,351
150,204,220
0
0,36,138
0,2,39,76
37,51,66,91,99,112,119,124,129
0,19
180
0
0,16,33,120,151
48,61,86,90
3,10,15
0,35
0,23
0,26,137,160,180
0
139,159,180
25,43,118
24,63,66,82,102,211,231,246
51
35
38,216
212,240,256
110,138,142,146,199,214
5,8,16,272,333,336,338
275,277,294,305,308,329,331,348
104,134,142,153
8,47,102,112,114,119,138,147,165
11,19,25,42,74,95,125,187,233,243,248,252
35,58,80,104
109,140,163,179,198,238
9,34,72,106,231
41,129,200,220,228,238
225,246
29,52,75
100,135,323,326,334,347
1,3,18,34,41,43,49
1,22,247,269,343,345,350,352,357,359
245,262,349
5,223,228,231,287,314,341,343,356
6,28,257,271
1,261,266,335
109,140,142,154,156
104,106,139,164
5,7,241,251,352
19,113,237
21,23,96,130,132,162,222,239,248,343
24,51,224
47,73,158,181,202,267,283
59,99
56,301
57,299
65,175
174
81,151,159,179
177,193
139,215
179,301
56
64,176
46,305
72,145,178
180,302
0,50,61,167,305,340
1,10,23,31,352
187
55
173
54,305,329,331,333
194,215,235,302
193,217,257,305
70,179
78
50,77,95,172,177,179
57,192,308
66,171
45,48,62,302
189,225,294
56
168,187,290
62,178,306
44,52,63,176,293
58,87,105,107,140,175
103
261,302,325,338
303,334
59,189,214,233,296
61,177,306,318
188,295
0,124,127,146,164
180
0,30
29
7,136,349,354
302,333
158,179
91,102,130
225,257,273,312
107,129,142
60,180
46,66
180
180
23,31,54
57
33,63,180
60,178,180
56,173,299
54,77
302
154,180
63,170
55,83
40,68,93,110,113,166
63,84,88,163
65,121,154
60,167
188,223,226,297
62,88
15,55,73,290
69,158,160,168,189
56,179,299
41,54,56,58,303,333
63,172
59,182,299
61,171,324
179,198,277,297
0,4,26,46,49,53,152,159,166,180
24,166,175
155,177,192
62,180
77,180
80,180
36,38,44,48,56,58,163
171,173,179
127,149,159,179
0,25,29,42,44,55
0,52
0,50
65,180
69,85,180
56,60,74,96,180
68,180
69,89,177,180
12,44
45
55,70
21,46,303,319,327,334
44,48,56,313,358
52,195,198,285,308
0,30,343
18
0,20,27,48,96,98,100,109,128,130,170,180
0,14,16,44,76,80,94,104,115,126,173,175,180
2,12,35,38,56,87,90,92,96,105,123,126,136,139,142,171
0,7,9,17,37,69,151,180
0,4,7,16,36,49,54,60,89,144,150,155,160
63,77,180
70
8,39,46,59,88,98,116,124,126,134,150,156
0
3
21,79,84,92,95,151
0
0,180
0,180
0,7,12
18,95,177
0,28
0
0,4
0
68,73,79,176,184,301
65,291,306
64,186,287,301
192,195,290
0
188,296
0
195,209,293
0
12,92
68,168,196,212,283,286,300
66,168,177,183,195,201,303
198,296
269,287,290,306
0
0,4
0,21,24,68
0,28
66
293
86,104
9,16,47
6
11
14,51,141,170
3,8,13,37,59,65,80,86,221,223,239
268,339
110,134
223
227
59,164,285
40,59,81,107,161,180
61,118,122,154,170,180
0,4,58,78,106,151
0,28,30,39,65,100,112,145,180
0,2,33,44,59,79,104,107,148,154,158,163,165,174,177
82,106,180
97,158,172,180
37,69,124,170,173
62,106,130,171,173,177,180
66,83,117,128,134,173
0,32,68,96,111,132,152,169
1,121
61,145,177,180
41,58,180
36,56,168
61,180
43,66,188,298
19,21,61,154,165
36,53,80,177
22,55,71,77,87,91,95,124,133,139,163
44,61,175,299,304,309,312
17,45,60
98,100,180
39,56,173,176
60,180
61,180
28,58,188
15,36,42,48,64,318,352
51
3,162,167,180
47,100,110,115,133,172,180
0,180
0,179
0,174,180
11,29,83,134,176,180
2,46,117,120,154,158,165,185,238
10,34,38,53,63
145,179,204
12,201
181
67,177
293,298,302,305
59,71,170,172
48,50,61,180
59,85
66
287
58,62,180
180
180
5,184,210,356
11,27,196,201,203
35,37,49,180
42,45,177,180
180
146,180
128,180
334
43
33,43,80,98,166,171,174,180
72,120,138,155,180
83,103,111,130,151,173
93,103,105,122,180
72,91,140,161,173,178,180
86,106,116,180
73,148,171
69,130,154,165,171,173
42,75,180
23,59,62,73,75,110,158,177,180
80,152,169,180
5,14,125
59,155,180
47,73,165
165
6,10,14,21,26,29,33,38,305
8,53,168,337
33,57,82,141,309,334,345
75,161
68,125,154
23,45,74,111,323,347
19,25,29,52,73,76,175,178,311,356
37
12,25,56,76,86
44,65,142,179
57,70,172,177,179
180
56,180
51,68,173,180
40,56,162,166,179,186
49,63,167,180
109,180
0,21,36
180
131,180
0,50,180
0,27,48
23,28,61,180
0,11,35,117,133,157,159,173
18,46,66,92,115,132
0,7,11,14,20,32,54,92
0,4,12,31
1,7,9,14,16,40
39,46,67,180
63,164,175,177
54,74,164
0,24,26,45
51,73,75,163,174,177
26,49,58,82,163,179
180
0,54,139,180
47,57,100,102,128,180
0,21,26
180
20,22,55,65,91
130,132,134,140,146,153,158,180
0,2,24,34,163
0,169,180
12,33,59,143,154,174,180
0,28,34
0,14,17,37
31,66
0,179
180
72,87,97
0
0,180
0,180
3,10,137,140,142,146,151,159,163,180
26,68,131,135,180
58,73,158,180
0,56
62,180
65,170,297,302,304,310
68,286,303,315,320
298
59,181,184,194,308
51,282,301,304
52,72,74,262,297
55,71,303
41,48,70,131,142,144,148,171,177,183,187,194,199,204,224
65,212
48,69,172,196,250,313,328
271,287,332
172,201
161,167,189,197,199
165,173,193
180
0,3,18,66,76,83,90
0
180
180
163
140,226,241,246,252,262,269,272,280
56,303
102,126,144,160
298,301
57,173,300
30,51,317,334,354
50,181,292
181
301
38,299,317,339
48,78
37,328
0
0,29,152,163,168,177,180
40,50,65,70,90
1,22,25,28,54,70,74,90
0,38,40,48
0,58,66,79
122,136,149,179
126,180
22,25,88,107,114,156,173
0,44,46,79
21
27,72,75
0,32,48,51
180
0,57
0
0
180
0
0
0,37,90
0
0,25
5
180
180
53
0
0,2,4,8,28,38,73,80,83,90
49,77,87,90
0,29,83
3,57,88,131,142,155,165
30,50,56,58,72,79,82,90
50,70,88
134,180
0
0
0,5,27,34,43,100,131,134,143,151,180
0,27,47,52,69,89
0,35,89
51,62,67,93,97,126,150,180
0,38
0
37
339
1,4,45,51,58,62,83,90
0,26,103,113,130,149,167,178,180
158,197,223
68,83
13,33,53,73,78
275,308,333
1,29,71,78
0,19,42,88,147,163
30,49,58,60,68,95,117,123,129,147,153,160,166,172
1,7,42
1,4,9,28,48,50,53,89
0,6,68
0,8,27,41,77,96,101,127,163,176,180
55,77,86
0,43,90
64,66,74,78,114,120,134
87,89
5,25,36
0,59,93,139,142
179
0,2,4,28,151,176,179
0,130,145,149,169,180
2,180
52,306
60,294,319,323
61,77,184,293
181
135,168,181
304
4,309,322
311,316,324,329
0,26,36,72,77,83,115,119,126,140
36,77,96,99,156
58,180
56,67,84,125,178
0,39
0,45
308
272
19,54
314,335
0,171
34,125,144
9,27,49,104,129,146,163,180
299,302,307
0,26,29,177,180
19,30
37,51,53,61,64,93,100,125,146
29,53,63,66,73
0,24,38,49,51
67,85,123,155,159,174,180
180
88,250,271
54,79,82,98,106,111,130
180
180
15,23,30,178,194,202,205,357
70,264,289
67,292
0,44,64,90
27
0
0
1,8,180
1,12,34
180
156,173,176,180
33,39,48,52,67,79,89,94,98,149,188
0
22,33,40,155,159,162,166,172,192,215,218,311,339
0,35,37
180
0,31
155,178,180
180
0,52
26,199,209,228
0,32
59,180
92,98,105,142,278,281,301,304
0,345
0,40,180
180
0
355
0,180
0,177,180
0,16,32,155,160,180
0,180
0,180
0,180
0,20,142,147,149,155,159,180
1,20
4
24,44,57,84
64,80,119
0,64,78,82,135,179
50
68,86,115,139,147,176,180
45
49,130
49,72,174,185,297
61
181
180
17,78,104,140,222,243
0,180
180
0,21
180
12,166,168,172,180
0,170
0
151,158,161,180
180
180
151,177
59,79,84,99,105,114,164,192,206,209,227,240,243,246,252,255,258
75,102,237
180
123,158,161,180
0
19,33,147,174,178
0
0,122,172,178,180
0
0
180
0,7,171,180
180
1,180
1,29,180
0,22
0,2,17,20,43,46,67,89,97,100
0
0
146,175
32,34,51,54,159,180
0,180
0
140,180
40,71,108,112,128,135,191,205
27,42,110,116,122,204
9,245,323,326,342,347
112,114,148,160,190
28,41,68,98,120,148,168,202,326,329
0,11,180
33,62,198,202,221,307
187
49,52,187,193,203,208,211,280,309
19,337,357
0,35,58
0
180
0,134,180
0
180
2,29
0
180
180
180
0
38
87
12,35,37,180
0,8,21,43,159,172
67,115,135,158,160
0,57,177
171,261,276
0,113,115,117,120,147
61,180
180
45,47,57
0,56
62,309
1,18
0,38,128,131,156,180
49,55,69,89
0,47
56,61,71,101,109,118,120,126,147
53,56,72,90
0,17,33
137,155
132,137,157
8,35,58,66,71,88
83,101,112
31,64,84,90
0
46,69,138,142,180
0,5,9,66,90
0,30,69
141,160,164,180
0
13
70,73,76,90
60,73,113
0,9,11,13,20,24
41,71,97,129,180
137,161,176
0
2,24,53,179
72
0,37,81,90
63,66,180
86,90
2,16
0,86
180
0
50,90,105,143
0
8,125,138,172
7,118,171
0
348,350
171,182,234
291,329,347,353
0,6,8,32,90
0,3,48,67,80,82,89
60,107,120,146
0
1
0,20,103,130,161,180
0,17,45,48,71,90
0,35
45,69,75,84,109,137,158,180
41,76
54,85,115,128
54,89
133,141,157,168,174,177
133,179
0,31
0,23
0,68,73,79,96,177,180
23,139,159
1,166,177,180
0
0
0
0,26,129
150
0
0
0,180
45,104,122
13,25,29,36
26,42,66,71,105,134,216,237
20,24,26,36,230,349
19,52,85
38,93,105
17
43,69
111,147,149,172,197,205,207
109,161,167,169,177,189,199,203
4,6,8,22,40
286,299,307,324
255,257,277,309,321,329
106,138
95,109
46,48,105,137,142,152
29,36,44,49,79,83,95,114,140,220,226,239
31,50
106,158,194,199,221,241
17,43
11,110,132,220,240
7,26
71,104,111,117,134,148,175
13,30,351
6,32,111,133,139,145,242,350
20,347
20,61,83,235
22,85,89,93,105,124,225
59
56,304
150,180
55,57,61,177,294
79,169,184
181,282
58,303
184
169,188
55,57,74,77
7,37,55,306,341
72,122,181
65,196,303
71,173
50,63,119,303,337
1,53,304
183,268,284
61,180,242,304
57,60,82,166,306
305
64,185,200,262,295
43
62,181,292,298,305
304,315
63,180,305
178
0,13,25,43
104,129,136,156
61,180
59,166
180
180
51
25,47
62,180
52
42,76,185,189,305
57,74
68,173
72,74,82,124,170
177
191,194,202,243,295
50,57,179,300
49,51,69,308
70,153,169
51,168,184,296,317
27,30,53,139,180
0,7,14,21,66,149,180
132,152,158,170
162,179,183
38,300,327
158,180
0,13,20,29,32,40,177,180
0,3,29,31,59,77,83,89,180
33,100,137,165,174,180
140,159,178,183,191,196,198,200,203
172
43,65,96,129,150,174,196,297
167,297,302
52,68,78,84,97,180
55,68,74,169
56,180
65,74,89,91,169,179
180
35,39,59
0,19,40,69,73
30,48
64,180
57,88,166,180
47,74,167
56,62,69,71,124,171,180
61,180
50
0,4,7,10,14,17,20,44,78
57,70,180
42,306,308
0,6,30
53,73,78,88,90
75,90
0,49,53,90
48,73,77,104,130
90
57,90
60,82,84,89
60,64,78,80,89
14,35
133,154,164
2
0,55,75,89
17,63
20,45,70
89
36,39,65,89
90
0,2,57
2,5,25,46,82,87,90
60,93,109,127
79
0,6,30
0
9,84
0,3,7,45,68,95,118,120
12
118,120,163
110,136,155,180
19,55,62,69
9,25,28,49
13,65,82,90
13,36,56,69,106
12,59,64,78,81,89,107
54,86,90
8
9,78
134,143,180
0,3,6,35,50,69,90
37,90
29,43,48,63,83
48,63,65,90
57,75
0,14,18
142,156,180
109,132,151,180
21,44,47,50,75,90,139
1,11,30,32,35,37,43,49,53,55,59,66,79,84,90
0,44,60,66,78,90
0
84
0
160,162,180
158,180
0
0,25,29,33,36,45,48,72,87,90
1,38
11,79,124,156,171
3
143,179
0
0,17,23,29,53
0,118,149,158,180
0
78,162,180
0
0,40,180
179
55,59,62,67,72,180
27,57,69,84,87,90
179
12,16,39,68
0,43,146,180
180
304
280,300
26,58,294,299,311,333
10,14,57,310
47,312
61,284,296
80,97,131,171
57,278,294
76,168,187
160,184
11,64,163,175,179,276,294
299,326,343
119,124,137
190,207
50,63,296
111,116,123,129,132,143,152,155,226,232,237,240,267,278,286
163,175,178,208,235,261,274,288
20,28,46,61,313
44,184,297
99,104,115
183
62,174,309
12,23,32,44,49,68,89,150,152,157,165
244,250,266,283
32,36,64,315,359
274
2,316,335,340,346
128,148,193,209
12,310,327,334,350,355
79,108,290
109,136,140,144
266,284
20,51,324,329,341
0,59,150,180
0,21,26,127,132
1
65,178
52,64
169
31,54
38,58
100
0
0,10,56,74,77
0,10,21,30,34
0,25
32,54,56,61,88,90
55,73,110,127
18,34,36,47,70,79,82,90,94,100,110,227
170,183,189,195,204,207,226,243
4,58,75,96,113
65,76,83,184,291
81,83,85,180
187
2,16,56,306,351,356
81,176
61,175,311
62,191,298
62,180
180
180
51
70,88,168
165,194
68,180
49
47
64,80,90
65,75,80,86
1,9,36
60,90
86,89
42,51,59,77,89
78,80,90
54,90
0,10,45,49,53
0,149,180
67,171
52,180
55,298
62,301
186
25,46,48,187,212,301
59,180
179
54
60,180
44
0,162,164,172,175,180
0,180
0,4,15,152,180
9,33,122,138,143,149,173,177,180
8,22,36,111,133,143,152,157,160
0
46,71,73
163,180
0,179
38,55,84
89
84
116
90
90
12,35,55,60,72,86,90
5,188
0,36,118,130,180
90
0,7,9,29,42,71,90
52,180
156,175,180
0
312,336
12,18,24,89,121,152
12,42,55,59,68,95,125,140,158,166,168,171,180
49,80,118,123,133,145,153
55,57,60,84,93,122,143
0
0,342,345
88,90
24,57,59,73,79
84
180
5,181
0
0,27,46
0
0,34
0
0,31,53,59,135,145,148,180
210
35,37,68,82,91,270,274,305,325
0
173
0
0,4,151
0
0,7,19,33
68
30,56,87
0,8,16,24,54,86,106
12
89,161,180
2,33,40
0
0,36,44,152,180
24,78,84,99,102,105,117,134
5,36,38,44,46,67,80,82,85,93,111
111,233,256,276,311
0,18,37
73,75,77,103,142
273,290,292,302,305
59,74,139,172
90
59,76,92
28,30,32,55,90
151
25,27,68
91
42
0,11,160,180
110,121,151
104,124,133,153,186,283
95,124,147,149,171,188
90
88
177
20,340
2,156
2,51,95,110,118,161,180
10,61,124,144,180
32,43,45,69,72,81,88,97,119,143,161,180
0,7,72,91,117,140,142
0,18,42,62,73
18,36,42,90
70,89
74,90
1,12,14,42,156,174,180
98,103,129,292,296,310,316
155,178,203,338,340,343,356
175,352
22,46,77,109,127,161,165
53,169,306
64,151,154,169,180
31,36,53
180
45,48
61,180
180
0,3,7,25,48,80,86,92,112,114,130,163
60,180
61,180
0,180
0,41,43,48,61,66,72,84,93,123,126,143,145,177,180
0,180
0,59,80,109,152,180
0,94
0,180
3,76,96,106,114
0,143,169,178,180
0,180
0,180
0,180
0,48,81,105,108,146,179
0,22,28,156,173,179
10,14,23,40,47,68,75,87,149,180
0
2,22,25,83,108,139,170,188,211,262
35,38,128,181,220
137,158,183,208
17,341,352
179
71,152,180
14,169
0
0
75,94,134,144,177
2,24,180
0
12,14,17,22,180
0
30,59,95,119,124,129,181,220
20,243,279,331,347
117,128,147,172,197
15,26,28,33,57,88,187,194,204,206
176
35,69,85,157
0
0,3,150,180
146,150,152,180
0,164,180
11,13,171,180
0,4,29,53,74
0,38,180
0
255,280,297
0,179
17,31,178,200,211,352
0
0,35,73,87,144,180
0,22,24,30,65,88,90
0,48,85,95,97,138,180
0,20,131,135,150,179
0,180
0,139,180
0,19,52,54,104,138,145,173,180
0,5,26,34,39,54,118,147,152,180
125,138,160,165,168,305,308,318,334,346,352
1,180
0,43,140,168
6,145,174,201,332
20,68,357
0,7,180
1,45,82,132,157,180
0,180
8,30,102,139,152,202,211,318,326,329,335
0,175,180
1,9,30,38,152,180
0,20,43,62,90,93,98,160,180
122,133,169,275,301,303,306,317,323
4,54,59,181,318,343,345
75,164
3,28,35,44,53,65,105,185,284,313,328
9,61,180
80
84,125,148,216,277
0,172,174
76,108,139,157,161,180
0,3,93,107,120
0,17
64,72,75,80
86,95,122
66
66
61,80
51
63
53,69,179
82,150,154,180
55
58,60,180
90,151,205,261,285
0,180
99,143,164,200,292
151,154,179
22,37,116,139,145,147,160,162,170,180
0
180
0
0
0
140,142,145,158
15,91,93
0
180
17,19,40,78,109,123,134,137,139,170,173
12,45,59,79,154
0
0,180
0,180
2
0
0
1,28
0,4,18,148,180
0,2,24,146
14,37,43,120
0
10,18,22,28,39,120,140,178,206,219
16,35,98,116,133
0,120,144,180
0,177
0,178,180
0,180
23,42,194,196,211,263
67,134
64,183,295
179
52,276,279,304,325,328
76,175
57,172,215,302
61,166,171
58,179,191,303
64,178,302
160,187
184
185,190,196,201,203,297
44,67,174
63,79,302
64,187,302
72,179,189,295
57,85,178,207,247,288,290,294,303
0
4,136,144,148,174
0
0
0,29
180
180
0,180
1,136,152,180
0
0
180
179
0,6,37
3
0
180
0,30
0,147,180
6
180
109,160
0,140,166,180
0
180
180
0,14,23,27,33,37
180
86,97,162
3,52
180
17,38,43,58,76
69,89,99,102,105,110
66,210,243
12,43,67,110,122,246,354
25,62,88,122
91,123,146
95,145,161
80,96
17,348
67,69,179,300
48,52,55,308
63,176
194,297,300
0,2,26
0,41,59,79,83,124,180
0,49,54,89
0,36
163,180
0,33,40,44,54,76,117,132,149,180
0,47,65,106,137
0
0,29,33
180
137,159,180
0,180
4,22,24,54,83,93,139,180
180
180
113,154,158,176
108,123,150,178,180
0,15,49
90,118,120,136,165
88,280,285,292,306,311,313,317,329
6,31,56,80,344
152,174,199,219,221,254
143,163,253
26,151,265,321
145,165,205,228
1
0,34,36,43,48,118,127,130,138,158,180
0
0
0,128,131,144,148,152,161,172,180
0,2,62
25,57,70,85,101,117,180
6,8,26,47,60,82,84,111,122,159,171
52,91,121,241,251,258,302,335,354
20,46,54,78,90,93,123
187,196,199,206,275,294
1,19,36,56,64,70
46,55,163,166
25,137,171
209,228
27
179
170
60,175
62,176
63,171
65,155,171
57,61,298
61,80,180
65,190,293,313
65,172
63,180
41,49,62,65
181,193,249,292
25,56,307
199,287
206,231,245,252,259,267,269
23
50,305,322
297
60,75,187,204,301
301
78,306
60,70,72,77
58,77
1
57,62,169
63
52,58,180
0,134,137,152,167
114,137,304
4,12,15,178
45,48,61
0,155
0,22,46
1,8
237,252,265,272,276,298
0
0,180
0,9,42,44,46,137,161,179
0
0,8,180
14,54,104,106
0
0
173,188,196,205
81,168,172,180
24,60,83,180
61,65
180
42,47
0
63,299
0,18,45
0,28
0,8,28,65,70
0,79,83,96,112,178,180
0,17,20,166
0,180
11,180,184,187,196
66,97,170,180
50,76,78
51,76
64,78,96
49,51,53,81
42,311,324,328,330,332
42,67,138,183,315
75,82,109,162
17,20,36,40,63,309,329,331
10,29,47,178
53,66,113,129,180
24,59,82,175,201,272,286,318
25,35,37,48,56,85,155,165,172
67,171
0,19,24,28
68,180
70,131,180
0,2,5,10,19,41,45
137,179
28,40,82,86,90,95,99,128,166
0,180
180
149,180
67,93,124,126,158
180
9,33
33
0,20
0,6,180
147,149,180
0
17,40,56,74,97
2,37,54,57,60
26,54
0
0
180
0
75,79,88
0
0
0,80,83,90
1
82,103,122
91,113,235,243,268,295,300
80,87,111,129,131,141,150,156,158,285,295,297,308
90,99,113,134,249,274,285,293,298,301,312,319
0
0,44,53,56,81
0,22
6,21
33
0
22
82,103,120
130,155,175
0,180
0,180
3,19,41,324
40,154,180
0,178,180
180
72,91,180
49,76,180
134,154
0,14,180
0,180
0,140,151,156,158,172,180
1,157,180
0,145,153,156,180
180
59,66,173,180
58,166,175
46,49
0,4,21,25,28,43
42,49,53,59,66,180
36,56,62
49,79,164
0,6,51
0
1,180
0,31,54,80,88
0,29
0,40,110,112,114,121,180
0,63
148,180
0,12
180
0,49,75,180
0,41,180
180
0,53,130,140,149,180
180
179
180
122,169,180
0,34
0,37
44,160,172,180
109,140,172,176,180
180
0,26
179
0,4,13,180
97,170
0,51
0,6,41,62,115,137
54,180
46,53,58,61
10,30,52
0,5,22,35
180
180
123,148,180
180
0,53,179
170
54
180
157,180
49,180
73,94,131,135,150,165,277,314,327
63,68,74,95,104,109,174,331
64,92,96,135
301
312
258,274,283,299,312
177,287
187,203,219,289
178,237,274
55,307
2,26,42,308,325
5,56,311,327
53,311
25,46,62,65,331,333
57,78
3,61,322
46,332
1,14,21,54
69,71,146,171,313
314
190,298
17,47,78,283,318
27,30,34,47
65,172,284,289,295,298
298
296,338,344,351
156,188,212,286,305
55,310
58,316,350
56,62,74,171,176,300
46,313
70,144,162,187
156,182,227,232,279,297
140,176,232
47,70,311
47
0,56,62,105,107
85,93,96
0,52,92
97
60,87,118,121
14,65
21,63
12,44,54,66,71
98,126,159,172,180
93,111,128,152,158,173,178
129
125,174,180
129,180
125,151,177
88,92,96,119,125,127,163,180
0,95,114
41,45,51,57,101,142
0,37,63,67
0,97,103,147
96,114,139
21,48,67
23,38
98,121,133,152,180
0,108
0,76,80,104
73
78,97,102,114,139,141,178,180
89
19,23
18
16,57
13,30,33,55,59
128,156
134,164
128,154,160,162,166,180
0,8,40,57,74,93,105,111,118
0,114,119,123
0,16,118
0,5,12,180
180
180
3,11,120,337
107,124,139,178,327
288,303
18,48,68,347
0,341
16,67,315,335,344,356
24,41,342
183,208,249,257,286
0,120,359
89,114,122,124,141,146,149,347
303
16,40,44,335
246,255,260,262,283
9,106,125
187,207,225,239,242,245,264
325,350
0,24,28,90
90
0,29,95
0,44,62,84
90
0,90
14,31,67
0,13,32,70
111,164
113,146,149,180
0,7,11,27,46,79
0,17,58,89
60,90
0,44
114,136,149,180
73,173,185
0,40,180
77,96,263,267,283
26,39,321
1,38
0,180
64
1,12,15,45,74,76
5,11,41,63,85,98
42,49,78
142
17,43,62,127
0,52,73,78,93
0,66,180
140,165
150,180
58,77,90,107,173
0,22,35,64,66,72,92,95
118,173
10,15,21,45,73,93,137
57,80,119,157,294,307,328
64,303,324
60
0,89
1,4,32,35,90,95
62,66,70,90
29,32,47
62,64,67,87
11,28,76,88
9,42,46,74,100
90
42,81,90
87
107,146
21,44,55,57,59
0,12,23,102,107
56,180
17,44,48
44,49,63,298,349
180
180
0,178,180
0
0,29,37,180
0,59,180
76,91,109
189,294
60,295,312
71,144,150,178,198,201
71,155,177
80,181
68,303
186,291
66,307
69,71,88
47,87,175
135,137,167,178,180
34,39,61,85,126,147,158,180
0,21,56,59,79,97,99
136,165
0,60,90
0,35,46,50,65,86,110
9,77
0,90
0,86
122,148,180
128,151,160,165
4,32,62,90
0,50,58,77,99,128
48,54,62,86,90
0,29,43,65
119,147,180
0,26,165
0,14,86,88,90,104,155,177
1,7,12,25,60
18,137,164,180
0,16,27,41
0,109,115,118,122,125
48,110,127,132,180
0
26,51,131,167
96,99,109,156,180
58,60,106
123,151,153,155,167,173
0,4,11,90,92,105,123
96,106,113
0,33,45,173,178,180
32,51,159,180
17,53,55,58,312,348
60,63,72,80,104,143,167,284,295
292
37,55,308
66,82,94,97,137
18,22,26,52,83,86,309
62,64,71,163
15,23,25,27,34,76,327
0,82,86
3,5,36,43,45,50,53,77,91,100
37,59,65,67
80
23,43,75,98
0,29,49,66,69,90
2,53,91
2,90
2,5,12,37,42,56,90
0,2,7,28,33,35,48,58,64,86,104,128
37,66,90
7,21,39,66,180
69,90
51,78,80
116,149
76,180
97,110
0,22,27,82,85,90
97
52,180
180
63,158,177,195,296
70,86,179
80,163,181
73,160,185
301
67,175,193,197
67,174,222,295
70,186
90
97
90
180
69,191,217,220,294
68,178,207
79,81,165,182
70,122,184,213
63,89
27,75,79,97,100
90
0,52,60,88
90
32,64
58,92,192,209,227,242,290
60
58,100,289,316
178
76,183
0,11,23,43,54,180
48,50
33,56,169
51
85,112,176,180,303
252,293,310
291
55,299
6,55
89
0,85
180
185
248,278,295
292
56
0,6,42,59
0,138,155,180
0,2,5
144,153,156,169
0
65,184,292
67,186,210,291,312
61,96
60,299,332,335
69,175
65,72,74,152,169
66,190,292
52,70,180
80,82,180
0
0
0
0
180
167
180
89,179
0
0
180
180
0
0
180
169
0
180
0,180
0,180
180
0,76,80,90,131,144,177,180
1,3,8,17,46,68,71,78,120,151,154
113,141,166
136,165,168,176,178
2,4,66,89,109,158,180
57,180
31,58,305,326
25,55,310
180
1,31,61
142,180
70,109,152,300
65,130,133
63,69,75,108,144
256,299,332
60,91
61
178,300
180,210,238,295
180,266
70,95,127,130,132,134,152,298
63
56,75,136,139
58,88,297
150,191,218,266,288,318
0,2,4,155,175
0,40,180
0,34,58,88,123,180
24,42,48,74,100,126,151,177
0,13,15,36,75,89,125,147,153,169,171,180
0
0
46,310
358
176,359
0
2,25,184,304,320,325,330,359
0,7,63,87,93,99,112,154,177,180
0,9,28,40,171,180
0
171
0
0,180
0,26
0,180
0,180
180
8,180
0,180
1,16,90,95,109,132
6,110,132,139,149,265,333,350,353
0,37,62,81,90
0,39,57,89,108
90
0,15,35,72
112,145,163,180
0,22,89,112,116,120,123,141
0,27,121
0,13,31
136,165
131,180
89,116,133
92,123
110,126,153
57,180
32,56,169
159
53
59,67,172,293,309
62,184,186,331
56,303
56,309,312
175,298
65,172,299
57,305
0,171
0,102
0,180
0,8,13
180
180
0,31,36
0,173,180
180
1,75,97,100,114,135
10,35,37,42,45,51,62,84,113
2,17,49,69,96
133,150,180
128,151,180
82,131,179
91,94,123
0,74,109,122,151
0,104
0,85
106,129,153
149
2,28
0
0
0
180
0,180
0,180
153,180
138,170,194,214,229,244
208,227,259,277
3,116,134,201,236
6,225,347
31,56
12,18,27,30,324,346
107,139,163
79,106,143
234,250,357
61,186,220,297
52,55,70,184,221,289,292
39,60,183,189,192,196,201,228,258,262,268,295
227,283,302
22,24,57
63,87
52,304
1,10,303
51,281,306
68,131,176
72,126,151,156,176
43,67,114,180
112
74,100,110,121,144,154,158,165,182,195
65,185,189,297
47
307
48,74,143,147,171,194
72,175
61,184,297
50,306
305
73,170,186
78,170
63,294
0,5,71,73,77,101
163,180
159
68,180
46,71,105,180
67,80,90,102
164,179
159,180
0
0
90
1,18,27,90
0,6,30,37,51,63,82
0,20
0,21
180
113,160
0,33,77,83,89
0,32,80,85,95,107
56,82,89
0,31
114,149,180
0,119
0
0,43,115,180
180
0,28,30,32,47,67,82,92,121,162
0
1,3,13
14
138,158,175,177
1,103
0,9,21,25,55,85,103,105,109,118,139,143,159,179
0
5,10,72,74
157,180
32,87,107,123,128,131,136,168
0
148,151,180
180
108,110,127,131,172,180
0
0
142,173
14,86,112,116,122,125,148,169,180
122,165
126,128,166
0,15,37
12,30,49
1,5,23
0,11,14,20,23
180
160,180
13,17,42
9,45
22,43
83,101,123,175
147,174
102,135
299,324
62,303
17,41,62,92,313,342,345
5,38,59
60
175
135,186,221,231,269,286
133,173
79,116,162,296
29,62,305,334,338,351
56
187,190,196,265,282
73,76,103,119,131,146,154
148,156,194,270
51,92,305
47,315,317
187,190,249,294
78,93,160
53,322
173,186,277
26,29,36,38,69,114,134
48,310
0,180
0
21,41,55,64,80,83,90
102,130,154,180
23,336
30,47,76,89,91
0
59,79,152,180
71,183,295
292
180
160,180
165,180
67,152,183
62,68,76,99,113,165
88
77
84,90
113,145,158
2,6,8,19,24
76,92,102,111,144
296
50,154,173
48,189,288
290
45,157,185,292
15,41,60,164,292,309
0,20,54,57,69,90
10,15,21,24,27,31,34,39,58,78,180
12,23,25,36,50,61,90
23,27,31,76,78,80
53,59,66,98,119,129,143,147,172
0
53,104
47,298,355
63,87,105,141,145
21,29,31,39,58,84,90
0,25,43,53,72,93,134,143
64,77,83,90
14,24,87,90
0,11,41,70,73,96,114
50,84
72
12,43,71
105,160,180
108,141,167,180
59,76,119
0,10,40
0,37
59,311,336
20,29,44,53,62,65,70,90,329,344,358
176
0,3,6,10,30,44
0,19,72,91
0,34
47,50,58,64,184,296
58,174,190
0
0
1
0
0,180
0
60,67,119,121,308
77,294
0
0
62,186,295
61,189,295
0
40,80,179,182,191,211,225,285
0,2,13,16,72
116,153,180
0,23
171,180
0,9
0,180
0,180
0
0
154,176,180
0
180
0,19,153,175
28,33,39,78,91,107
1
355,359
66,96,113,130,140,144,150,152,166,177
180
359
83,85
48,63,303
28,48,139,163,172,180
39,59,129,142,170,180
312
47,50,63,316,333
180
0,180
180
66,68,186,303
54,73,301
43,62,78,181
51,304
2,8,17,48,54,66,94,133,166,174,180
0,56,88,96,108,110,139
46,59,85,119,132,135,167,174
60,75,80,84,86,102,106
49,52,180
90
103,131,174,180
180
180
90
26,37,53
73,77,90,111,115
58
60,281,306
62,306
290,310
0
0
0,180
0,84,126
180
0,35,40,56,58,179
0
126,180
0,180
0
180
174,179
0,2,180
0
9,173,180
0,43
0,180
0,22
0
139,156,160,162,171,175,180
0,25
0,56,150,179
0
0
180
180
0
0,45,104,118
119,148,166
0,12,96,113,115
0,9,44,63,100,118,126,139,156,180
0,41,43,80,84,89,110
0,37,63,87,105,135,148,151,180
25,59,68,75,96,110,114
13,57,180
58,304
0,47
94
0,15,20,27,180
49,78
0,37
0,180
0,20,39
0
27,43
90
0,155,180
71,88
27,56
62,83
59,298
180
69,96
0,23,26,29,53,86,89
78,118,151,180
52,67,70,86,104
70,124,142,174,178,180
83,98,113
0,2,6,22,64,97
123,142,163,174
44,82,114,122,142,147,153,160,180
38,41,54,90,129
189,249,269,286
181
58,74,196,297
0
0,180
0,32,35,43,57,81
41,44,56,73,90
38,55,57,72,113,131
45,51,58
0,180
4,180
0
0
0,25,27,51,90
180
0
0,180
0
0,24,145,163
0,36,73
7
0
180
147,164,171,173,179
142,158,170
180
180
1,23,53,62,65,91
0,3,20,25
180
67,136,172,180
79,84,88,97,122,150
58,84,293,298,304
37,41,44,47,318,322
60,80,127,148,151,164,175,295
42,314,329
51,71,89,150,155
53,280,317,337,341,343
305,340
64,94,99,109,152,155
0,180
285,304
0,10,12,38,52,54,142
180
0,3,12,36,64,95,119,155,180
163,180
163,180
0
0
0,180
154,180
0,17,180
180
180
180
180
0,14,44,65,81,86,92,109,124,136,180
0
1,28,55,90
1,3,26,38,49
0,13,31,44,51,68,104,176,180
23,41,140,159,308,322,339
26,52,57,63,90,114,162,178,241,260,266,272,286
81
1
180
180
180
180
0
0,163,179
173,182,188
0,180
18,87,100,106,142
0,4,7,10,13,16,74,77,82,84,90,98,109,115,132
0,3,16,156,177
0
164,180
0,120,180
180
177
0,180
180
1,25,28,180
162,180
0,180
164,180
0,180
0,180
0,175
69,90,123,163
0,2,5,24
169
0,156,180
0,18,149,175
0
0,90
0
1,40,84,180
0,64,67,72,93,109
128,155,177,180
166,172,179
0,5,12,14,22,31,48,163
0,10,21,165,180
0,180
0,180
0,2,5,16,176,180
0,180
0
180
0,180
180
180
0,109,114,126,172
112,158,180
5,22,53,66
180
0,180
0
180
152,154,169
0,180
142,180
0,180
54,59,69,92,111
12,50,56,63,100,120,150,180
0,95,99,132
0
0
0
0
2
56,267,270,273,299
0,2,15,54
0
0,180
0,31
0,9,20,23,40,43,131,158,167,180
7,180
0
0,180
0,38,41
180
0,180
0,180
0
0,27,180
0,180
5,7,16,82,108,129,133,137
58,90
3,52,74,111,139
38,90
13,39,59
121,166
0,9,21,95,122,124,134,140
0,9,97,100,102,122,140
13,52,55
125,151
127,161,168,177
14
58,180
173
57,72,169
13,56,303,355
44,52,327
181,189,268,296
58,138,179
295,308
3,9,15,53,73,76,307,322,336
0,180
0
0,155,166,170,174,178
0,180
0
180
180
0,45
0,116,137
0,24,35,90
78,97,103,105,109,180
130
108,117,150
131,163,173
126,142,179
55,90,116
0,24,73
159
0,19,25,32,38,45,65,104,124,142,151,157
0,22,78,81,104
168,180
0
0
180
0,180
19,26,34,37,119,143,159,162,167,180
0,155,180
0
0
0
162,164,180
127,208,217,221,224,227,230,232,238,244,265
0,141,208,233
32,56,78
57
12,24,44,347,349
86,111,123,144,178
60,245,286
1,23,349
61,185,297
51,54,70,190,194,201,224,298
193,196,199,246,296
58
61
59
5,52,286,306,344
52,307
58,303
70,179
105,180
68,114,182
141,183,205
62,184,296
199,296
48,311
85,171
91,179
53,194,296
64
13,52,279,306
43,306
73,175
55,67,69,184,290,296,300
49,310
0,7,18,25,50,54,76,112,180
17,49,54,57,77,96,106
0,54,56,91
114,166
155
25,57,80,128,133,142
0,67,100
31,88,95
57,82,149,153,180
125,163
159
29,58,74,92
73,75,132,161,180
0,53,57,62,87
74,93,107,111,149,180
75,92,168
136,167
163
158
52,81,98,118,135,168,170,173,175
0,2,5,9,32,61,78,97
52,83,101
0,38
0,41
0,44,46,49,56,90
1,58,89
67,92,117
90
0,42
143,180
180
110,135,152,180
0
146,150,180
0,19
0
0,25
0,34,111,115,121
4,7,18,23,33,74,90
75,78
3,6,42
0,16,30
8,10,66
0,18,20,49
0,26
162,180
119,124,156,180
0,39
0,41,45,49,105,146
32,90
0
0,29
123,158,180
0,147,149
0,180
0,57,63,65,69,73,96,130,180
0,23
0
159,180
82,124,180
0
1
180
27,30,180
1
180
122,125,180
0
21,56,75,96,116,139,159,180
19,50,180
0,6,11,14,18,27,49
1,8,11,31,34,174
28
44,69
1,5,27,179
40
69,93,126
2,31,37,62,95,296
18,25,40,66,321,341
68,92,119,173
85,98,101,103,110,151
74,101,107,113,127,149,156,164,185
62,302
27,39,330
148,175,194,274,285,311
87,103,129
173,190,193
36,45,51,54,313
71,141,148
11,17,35,303,337
50,86,315,323
76,151,172
30,53,86
49,96,321
70,94,122,142
0
0,55,61,66
180
0
180
0
0
0,41,180
29,33,37,65,90
90
5,26,52,180
65,89
81
180
53,60,67,74
180
77,102,125,162
0,20,56
0,55,81
48,180
57,78,90
90
0,58,98
77,88,145,174,177
0,44,77
92
92,94,110,121,142,156,167
0,55
100,149
0,13,49
0,40,152,180
56,58,79,81,90
90
0,8,27,80,90
16,63,72,90
9,100
90
118,132,135,167,178,180
0,30,67
24,30,42,87
0,19,24,33,36,96
86,89
70,85,119,151,301
311
152,173,207,247,289,306,310
59
42,65,94
60
61
69,139
51,280,312
80,88,133,157,160,168,242,246,280,282
110,140,160,200,279
59,302
68,92,114,120,128,148,162,268,291,296,302
278,315
62,65,72,75,85,92,293,295
77,270
0
0,2,7
108,110,120,122
11,24,39,75,328,353
121,324
31,40,78,328,359
180
0
0
0,26
180
15,90
0,18,21,62,105,107
86,90
90
79,83,87
90
112,133,165
108,148,151,160
127
4,8,11,58,171
56
1,3,56,303
15,57,307,339
58,73,176,294
61,80,82,86,88,94,155
180
0
180
0
180
180
137,155
180
67,189,229,298
210,284,300
33,57
63
57
55,304,354
179
158,187
60,187,281,296
92,173
185,296,299
304,342
82,97,121,129,137
78,96,120
68,71,77,79,83,105,164,180
0,4,6
0,2,180
0,13,37,79,90
59,62,87,90
153,179
23,66,90
59
57,307
77,144,177
52,180
180
55,180
56,313
54
48,284,305
84,113,116,127,129,178,180
0,20,70
121,124,131
31,57,76
15,46,86,104
0,9,23,44,64,101
85,99,108
90
0,2,4,9,28,37,39,43,77,96,118,126,159
18,24,31,39,41,90,94,105
74,77,92,103,110,149,153,157
70,101
0,3,5,8,17,21,33,42,58,79,103,122
0,9,22,42,53
86,90
0,94
90
106,141,165
1,7,22,35,37,90
0,6,104
0,45,78
180
0,28,34,73,76,179
90
12,179
0
180
0,2,6,155,158,175,180
74,85,90
0
180
1
79,283
0
0
34,41,52,69,85,88,170
34,36,75,84,92,126
164
0,42,45,54
180
42,52,55,60,180
82,106,171
0
180
0
0
0,166
0
180
0,2,6
0,6,9,24
0
0,110,124
117
180
0
101,117,142,164,180
12,42,57,78,104,180
43,180
0,28,46,180
180
80,96
186,198,203,274
192,215,225,245,255,260
24,45,77
13,16,29,39,72,90
65,82,89
84,111,136
17,36
2,19,32,49
22
21,34
81,88,99,121,136,147,158,164
92,106,134
57,93,306
68,85,102,123,125,127,142,168,301
79,97,107,148
82,139,142
111,171
94,118,145
63
95,128,162
124,162,180
89,148,164,166,180
89,93,114,126,128,132,134,153
93,95,118,178,180
79,88,125,151
97,132
0
114,153,177,180
1,18
63,90
178
121,140,157,159,180
255
0,27,39,50
0,9,20,43,152
34,57,64,68,90
1,14,17,33,37,88
0,15,53,80
0,10,39,43,59,62,91
0,24,28,180
79,108,133,135,153
81,104,121,123,138,151,153
20,52,94
10
96,101,108,114,158,180
105,129,132,135,160
10,43,51,53
87,115
68,83,101,223,227,248
110,218,240,267,270
106,117,123,213,238
217,235,246,254
75,101,118,198,219,242
0,4,18,25,47
0,49,88,115,180
0,19,31,38,55,99
46
145
62,182,186,220,223,297
0,7,180
0
0,3,12,23,78,89,102,106,114,121,136,172,180
0,4
114,145,180
0
0,2,33,98,135,149
0,27,29,33,57,100,160,174,180
2,24
59,195,290,303
62,183
98
53,196,295
57,80,86,110
24,65,73,87,118,131
27,66,71,87,90,116
68,93,95,127
41,45,47,58,160,169,174,176,180
70,90
0,3,20,31,35,46
67,92,107,229,265
58,75,186,301
180
0,10
0,180
0,180
0
0,154,170,176
53,177
0,180
0
6
0,99,101,180
152,169,173,180
14,52,108,173,178,180
167,189,192,284,302
174,183,265,284
0
0
180
163,177
0
173
0
0
0,179
180
0,180
0,5,164,180
0,180
0,180
0,180
13,44,49,53,62,89,115,130,153,167,171,175,177,180
0,171,176
3
8,25,171
12,18,46,51,53,56,59,82,111,135,139,166
0,52,73,86,92,104,131,153
33,80,87,95,119,158,165,170,173,290
58,326
0,135
0,98
0,180
64,185,296
58,303
65,94,123,178
296
67,86,145,148,168,180
0
0
71,90
87
89,107
75,103
62,297
180
0,80,90
0
0
0
0
180
180
180
180
0
0
180
180
0
0
180
170
0
180
180
0
0
180
0
246,268
77,94,149
201,215,253,273,289
287
0
0,30,48,132,136,140,180
180
0,27,32,38,49,81
18,74,94
113,149,169,173,180
106,154,172,180
11,13,28,40,56,71,74,98,117,119,145,170,180
110,150,152,174
180
57
190,212,294
179
51,290
174,190
65,189,192,289
61,305
0,180
90
0
0,31,65
82,86,118
101,122
57,75,115,299,313
25,76,113,295,358
0,36,42,51
169,180
60,299
53,126,135,146,167
17,66
180
0,180
0,180
0,180
0,163,171,180
0,25,37,39,57,59,61,75,126,175
76,111,148,180
13,29,53,76,80,112,142
49,58,60,86
61,185,297
40,61,173,273,288,305
47,62,180,296
58,301
70,137,178
66,189,302
55,303
0,180
0
152,179
0,156,172
0,79,126
113,180
0
0
0,16,18,21
0
0
179
0
8,12
174,180
177,180
114,163,180
180
85,105
73,123,148,157,163,165,298,300
48,59,63,298,302,306,317
175,276,289,293
73,161,298
54,69,308
40,52,305
44,311,313
0,21
294
306,329
54,300
70
61,302
180
13,20,22,27,29,47,54,84,105,160,166,180
98,135
28,180
0,40,43,61,75,77,84,101,179
0,9,33,49,54,83,96
0,24,30,59
222,259,285,293,332,349
29,32,216,269,272
251,272
46,280
0
0
247,271,273,279,286,298
1
3
0
0,180
1,164,180
0,180
0
1,180
0,178,180
17,180
0,180
37
0,5,8,16,18,85,90,107,109,133
29,38,51,69,88,113,120,126,132,135,138,155
0,59,104
34,137,180
0,33,180
0
180
128,180
0,8,10,156,164,177
0,179
0,3,157,179
0
180
0,180
0
0
0
61,65,69,92
43,79,108,127,176,178,180
92,112,147
73
0
0
55,65,76,79,90
75
0,172,180
52,180
8
0
57
53,307
0,24
0
180
30,147,165,180
0,24,26,180
0
180
26,149,152,180
0,151,161,180
78,112,178,180
91,115,146
4,17
180
0
0,180
0
0
0
0,4
0,180
0
58,138,144,146,156,167
59,65
85,229
29,54,287,308,310,333,339,355,359
23,50,68,353,355
223,272,315,328
78,96,104,199
48,67
98,194,196,203,210,225,293
82,198,309
105,157,160,178,195
276,279,304,319
285,306
281,312,315,339,342
58
281,291,307,312,317
2,4,29,81
0,58,89
61,180
180
136,180
62,175,177,179
61,180
49,180
180
60,171,178
180
40,58,164,167,172,180
0,64,180
179
175
12,36,60,302,326
45,62,314
47,56
53,293,309,338
51,285,308
282
63,187,282,299
58,180,198
44,71,181,279,304
182
31,50
58,99,182,224,309
227
68,167,169,296
54,307
177,288
54,310
180,200,208,218,234
53,70,180,299
72,151,168,295
2,29,51,308
174,197,211,271,291
25,59,156,182,201,265,296,300,304
44,309,318,324
192
34,58,157,181,292
178
0,122,138
168,180
0,2,16,96,100,108,115,122,131,133
0,40,51,91,120,178
0,32,53,81,97,110,125,163,167,180
21,56,103,132,154
106
83,109,116
0,5,20,35,54
18,54
126,147
133,171,180
125,129,137,145,174,178,180
180
10,343,348
150,339,356
6,43,49
0,59
35,45,49,55,64,69,90
10,47,90
0,57,120,150,177,179
0,28,43,46,59,90
90
0,15,21,23
1,8,22
142,154,157,169
117,165,180
0,57,76
0,8,18,30,33,36,39,45,53,66,75,81
11,17,27,121
140,180
149,164
47,77
180
0
145,165,180
39
0,22,31,43,65,68,72,85,88
142
2,35,54,67,89
120,124,153,168,179
13
136,146,171,180
240,259
173,196
12,30,34,39,50,106,145,165
25,53,148,156,166,175
16,119,129
208
31,58,73,170,180
45,71,170,180
58,180
54,57,71,190,292,309
90
180
80,91
5,32,52,72,76,79,90,98,165,180
47,80,90,93
0,9,31,87,104,106,117,149,162,177,180
53,55
0,10
8,17,56,72,77
17,110,127
90
4,33,50,82,98,127,133,159,165,169
56,58,147,180
149,181
22,75,103,164
48,75
22,37,48,52,73,80,88,90
0,114,120
1,5,21,31,61,73,85,111,133,152
58,150,178,282
80,90
80,87,96,104,107,122
31,52
0
37,60,62,70,121
28,43,64,171,180
0,8,50,76,86,90
0,2,132,155
14,31,63,74,84,118,136
64,81,177,197,293,311,322
0
69,74,90
41,88
61,90
90
0,4,7,25
48
0,23,32,53,56,76,80,90
12,28,42,78,81,124,164
26,127,133,145
0,31,78,81,92,95,106,130,147
49,112,137,152,158,164,178
24,48,62,66,177
53,90,174,180
65,306,310,330
15,41,46,50,56,75,79,93,126,152
0,4,55
28,35,41,44,61,90
57,59,142,156,176
0,19,48,55,72
67,91,141,157
53,56,180
0,34,41,71,90
2,78,124,129
23,55
0,17,20,25,45,50,80,83,90
22,35,49,57,60,64,67
58,180
27,44,54,62
40,53
14,37,41
19,44,60,93,158
20,32,35,65,83,90
1,8,41,43,60,131,136,149,167
19,47,71,90
0,14,44,48,55,74
0
4,27,52,85,121,123
285,299
29,56,78,96,102,109,148,180
39,85,137,163
28,141,159
0
0,47,139,165,177,180
0,26,28,31,71,76,90
2,18,105,131
0,4,25,59,85,90
80,90
1,24,42,67,90
0,39,88,97,121,144
64,67,90
121,152,180
0,10,15,38,52,90
25,30,44,75
0,23,45,58,61,89
0,26,119,122,128
3,6,22,39,67,102,105
29,38,41,85,134,158
0,8,83,103,122,124,136,147,150,153
0,23,56,58,62,68,84,104,140,150,180
0,18,65,70,72,113,122,147,171,178
58,180
30,35,44,49,70,179
57,180
41,61,180
88,98,107
107
86,237
181
0,26,28
3,6,147,177
184
0,43,51
59,78,169,171,197,275,300,318
51,71,73,151,158,161,167,183,267,277,289,311
18,51,53,77
0,4,6,54,65
19,21,41,90
42,76,163
29,42,52,54,56,61,69,152,155,164,185,282,312
31,50,53,62,148,154,160,179,272,283,293,297,305,308
0,11,14,21,24,30,51,69,78,90
0,3,15,19,31,50,78,90
28,30,51
0,20,23,32,48,62,65,90
1,124
0,51
147,171,174,177,180
0,22,29,55,70
44,64,170
47,49,70,171,180
0,14,22,24,28,60
0,3,55
10,32,89
11,64
0,4,17,47,51,58,68,75
172
23,32,38,41,64,81,98,133,163
177,219,272,305
6,17,38,90
0,52,75,100,121
30,32,61,88
0,10,27,39,42,80,94,117,125,136,150,152
1,49,94,103,106,112,117,120,157
0,125
59,180
27,44,64,180,301,303
63,93,112,184,215,276,301,324,354
40,83,167,283,326
8,36,44,50,61,119,130,136,144,172
27,33,39,113,152,172
71,173,177,180,185
0,29,44,90
15,103,123,140
52,80,174,179,183,185,274,295
63,182,300
0,7,15,153,172,180
130,156
123,155,159,190,201,208,241
199,234
251,282,329
196,211,241,252,256,260,272,284,296,298,348
6,20,23,68,114,120
240,262,332,336
16,32,109,125
261,288,320
0,14,18,36,90
36,101,118
90
133,136,141,162
21,47,53,68,75,77,89
0,38
57,180
180
306
57,185,298
52,65,67
55,310
0,125
0,65,71,103,111,121,153,180
0,31,73,104,124,160
13,35,78,91,111,143,164
157,180
1,15,40,51,71,105,120,138,160,168,177,180
0,10,103,115,118,137,150,152,159
8,38,41,49,89,213,332,337,339,345
9,26,101,122,135,151,174,233,330,335,341
58,180
55
179
50,301
308,322,328
294
69,170
75,180,183
153,179
54,57,69,175,197
184,257,267,270,294
177,196,203,267,290
60,62,315
61,78,172,300
64,182,303
161,172,175,181,193
65,93,153,178
60,175,191
59,181,308
162,182
0,4,7,10,17,21,58,83,108,111,114,117,119,125,147,166
75,98,130,161
50,69,89,156,173,269,288
100,117
9,16,28,176
90
110
90
90
101,118,135
114,145,172,180
113
78,98,122,124
98
90,108
0,57,180
31,57,312
63,74,179,297
54,78,93,163,174,198,295,304
64,175,315
15,40,60,79,90
0,6,21,28,48,72,86,88,90
17,43,107,127,131
52,67,69
31,52,60,170
0,12,15,27
14,40,42,68,77,101,163,178
48,57,59,68,72,90
0,8,87,99,112,121,126,133,139,150
10,51,59,76
13,67
0,7,17,30,36,59,63,79,107,109,117,145,165,170,173,175
23,33,38,49,59,69,79,90,95,123,148,155,163,167
15,66,81
0,5,29,85,92,104,120,141,165,174,180
0,7,16,76,90,114
0,6,11,20,50,116,120,127,134,145,164,180
0
1
108,136,138,168,180
135,151,180
151,167,169,179
26,63,71,77,113,126
3,36,61,70,100,126,141,151,154
16,36,82,101,125,170
0,104,128
97,148,161,166
0,19,25,32,109,130,133
223,237,240,248,252,255,268
224,255,262,275
127,151,175,219
151,206,223
153,214
148,165,196,198,202,210
59,74
68
184,186,206
61,122,184,304
56
292
303
49,190,209,236,294
303
69,95,176
68,176
83,121,150,153,155,173,176
60,179,303
302
61,300
68,176,191
80,121,140,179,248,277,342,359
0,35,37,40,75
0,7,32,61,70,90
0,6,128,148,168,176,179
117,150,166
0,19,21,23,29,90
1,132,180
0
111,143
112,138,142,168,170
124,161
45,81,136,145,147,164
252,268,282,310,327,329,350
299,324
7,10,26,30,79,85,89,92,95,99
6,72,123,148,152,160
7,121,237
122
2
286,322
222,243,266
17,25,39,53,92,112,114,357
0,49,79,154,177
160,174,233,337,350,357
244
258,287,298,346
0,123,145
30,65,135,180
86,91,105,112,253
60,94,96,126,144,151
7,244,353,357
198,220,240,272
10,110
59,180
46,178
52,180
63,76
62,173
48,278,280,302
255,299
175,290
53,57,158,163,173,182,302
299
64,146,164,174
182,194,197,297
287
189,296
62
46,67,175,189,300
172,302
187
64,91,166,298
32,36,57,303,336
157,170,174,203,226,287
60,182,302,310
52,71,173,187,190,281,303
298
293
37,57
56,182,202,268
54,180,311,326,329
57,177,194,299
58,180
158,160,180
61,99,173,180
51,173,292
25,88,169
0,26,112,129
300
184,187,295,300,307
75,92,167
0,18,48,69
62,178
299
73,130,141,145,147,151,157,163,172,180
73
51,174,291
41,55,171,174,203,289
0,29,63,66,68,88,90
0,4,7,10,13,23,30,46,55,58,74,83,85,90
15,56,75,85,88,111,137,145,169
52,83,141,149,178
61,183
0,2,24,34,36,90
0,6,25,129,159
23,57,75,79,87
0,5,45,111,119,138
0,23,51,55,67,69
90
50,70,87,94,161,175
13,107,123,206,223
11,108,124
11,24,30,139,169,173,176
0,18,48,66,85,90,96,125,149,171
6,28,65,89,129
45,61,64,180
64,156,158,164,166,184,284,287
295,301,340
2,5,24,46,142,162,166
195
1,12,52,88,103,112,114,125,144
0,9,39,90
0,51,90
0,21,45,48,79,90
41,46,48,53,55,59,148,164
0,13,20,34,57,84,121,150,169,180
0,47,108,122,134
66,189,307
57,180,300
4,7,10,18,31,45,63,176
137,141,166,180
119,129,148
0,101,140,171
0,6,10,133,155,180
9,126,147,152,156,164
3,82,104,137,156,164,180,190,192,204,213,323,346,348,352
358
251,324,344
2,17,69,140,155,157,177,248,253,264,324,342
0,122,125,187,220,240,308
194
71,126,173
180
0,28,41,141,173,178,180
46,85,172,176,180,291,314,340
0,3,16,27,89
0,70,120
9,43,47,70,84,87
0,13,118,133
62,180
0,2,12,14,18,23,55,68,80,87
0,117,141,155,158
0,60,81,86,89,92,95
55,74,76,180
32,46,67,81,90
0,17,98,115,117,124,129
1,30,64,90
0,120
0,7,33,52,61,64,87
0,21,32,36,65,81,102,127,155,179
9,12,15,18,23,32,40,48,50,53,72,99,125,141,168
0,7,14,20,27,35,37,42,57,65,72,78
46,159,178,180
17,31,45,69,74,85,180
50,80,154,157,173
10,29
0,6,120,135
0,33,46,49,69,73
0,38,59,67,77,90
17,57
40
63,67,69,179
8,23,39,58,95,144,147,160,180
168
172
178
0,30,42,57,70,72,74,90
90
0,3,120
1,7,73,124,146
49,102,169,232,296,347,350,359
59,187,207,311
33,36,39,176,180,218,261,295,316,337
61,90
0,86,90
0,34,65,67,71,85,90
23,37,44,47,56,59,62,68,71,74,94,97,109,131,134,138,141,144
0,3,24,68,90
0,26,104,124,138,180
0,5,9,52,54
0,29,46,64,94,125,152,180
0,9
0,7,13,19
0
180
173,180
180
180
178
0
180
0,43,77,104,124,147,149
29,56,78,97
12,52,58,113,158,161
20,41,54,59,70,99,134,156
44,85,104,127,131,135
19,23,69,90
87,90
66,119
54,57,72
35,149,180
143,180
234,257
299,320
15,125,157,163,167,169,209,234,352
104
73,86
0,2,5,39,109,121,180
137,153
0,3,14,20,85,119,180
0,2,8,31,34,49,81,120,130,150,180
7,11,109,134
64,182,302
53
62,184,186,290,314
195,274
55,309
71,146,150,164,181
60,192,307
54,306,351
0,10,36,38,43,62,85,88,90
0,11,18,100,122,132,147,151
144,166
0,19,46,63,83,87
126,132,145
0,53,129,132,154,157
284,323
6,32,68,84,88,124,144,167
26,38,41,62
305
144
52,120,180
65,180
41,61,70,73,87,130,171
48,287,305,318
55,98,170,192,294,306
57,188,190,305
58,88,144,148,178,309
168
0,55,75,80,84,121,172,180
0,23,57,83,180
0,21,79,104,125,149,169
32,34,37,62,163,170,177,180
22,25,27
154,168,178
24,68,157,172,180
17,49,73,105,129,158
48,93,123,126,157,180
43,69,78,133,154,160,165,167,173,175,180
15,19,30,84,112,118,132,139,167
12,53,66,69
58,180
0,24,36,60
59,180
1,13,29,48
172
2,40,57,305
14,31,139,163
3,12,41
177
1,55,59,90
65,161,168,180
1,120
3,22,42,66,82,117,147,163
55,160,184
18,42,51,61,112,151,161,173
57,158,178
52,88,165,196,322
45,66,78,154,163,166,180,291,310
10,67,83,105,170,179
0,8,28,52,103,108,114,149,152,174,180
18,62,161,164,180
18,44,60,62,75
34,78,156,171,176
0,2,10,25,29,60,84,129,137,150,180
26,46,111,151,154,163,277,348
0,3,16,38,44,59,67,90
38,129,152,154,173,207,218,258,269,275,286,317,335
93,180
92,94,96,112,117,212,223,231,243,250,314,317,339
0,61
1,37,57,84,90
55,180
0,19,38,41,58,63,81
0,6,12,19,110,135,153,177,180
0,5,10,24,37,40,52,62,82
4,30,70,129,131,142
6,23,50,53,66,68,87,109,117,166,168
49,173,197,279,296,303,309
0,2,9,48,51,56,64,81,110,128,151,171
0,10,25,33,54,73
10,32,55,90
1,28,48,69
1,5,71,90,95,114,169,175
0,2,4,10,50,76,90
5,46,56,75,90
0,6,20,39,45,59,65,70,89
19,26,29,39,53,67,97,107,119,133,136,139,143,156,176
4,78,97
32,38,60,74,78,159,180
0,60,64,67,71,82,93,111,143,151,157,172,180
3,8,76,191,220,287,354,358
11,31,76,194,255,322,328,335,341,347
10,34,58,92,95,137,157,180
0,38,65,88,121,153,155,177,180
0,23,26,29,62,105,123,133,140
9,31,37,39,46,50,56,62,64,82,84,109,111,132,137,149,171,180
0,17,35,38,81,105,126,144,147,180
7,13,19,50,73,76,85,107,133,148
13,19,31,61,120,180
59,82,159,180
38,62,179,192,195,283,300
0,42,72,78,97,115,119,143,178
152,175,179
0,4,7,11,17,24,33,43,121,127,138
137,140,143,146,156,186,311,328,352,358
273,329,346
8,18,40,42,45,62,89,128,154,175,217,236,265,277,280,291,327,330,333,356
0,11,121,138,147,151,153,173,180
0,20,24,26,30,33,55,79,109,125,154,163
22,61,76,78,90,120,140
0,131,147,151
0,3,14,18,22,26,46,67,69,72,84,96,105,127,157,180
69,92
74,90
24,56,59,79
72
55,60,90
78,98,111,114
125,128,132,144
62
70
77,114
54
70
84,90,95,112,180
83,107,113
76
90
113
70,90
118,147
16,157,178
62,90
25,27,30,36,86
0,31,33,40,62,77,90
10,29,136,157
272,291,316,337
68,168,190,306
54,56,69,89
78,101,127,135,156
6,24,41,125,151,166
10,34,171
18,20,31,36,45,121,127,135,163
187,203,301
295
53,176,301,313,316
7,59,103,121,169
64,91,180
147,167,169,173
126,152,180
97,104,123,142,148
21,30,41,43,59,85,102,123,144,159,180
155,167,186,196,200
67,181,294
56,181,187,215,296
176,193
16,58,71,145,177,228,251,298,356
0,2,177,180
0,2,10,31,35,37,53,82,138,161,180
326,333
308
190,274
60,174,176,185,189,299
47,64,66,72,82,180,289,291,306
294
167
31
25,28,31,34,40,45,48,122,127,132,137,142,147
65,183,306
22,72,161
0,20,28,32,68
4,31,35,46,68,86,97,102,110,112,121,134,149,172
93,119,173
6,37,60,105,108,127
9,98,116,233,247,353
52,66,117,142,170
15,23,27,37,63,102,130,149
25,28,42,49,134,159
50,71,112,133,175,178
1,59,78,108,116,152
58,162,180
1,21,31,34,55,64,66,115,117,122,162,176,180
0
5,10,15,19,56,96,183
57
181,257,292,300,304,307
277,300,306,329
47,53,302,306
0,9,31,34
0,5,14,35
0,7,106,115,118,124
34,36,57,90
0,8,14,28,31,48,52
0,24,99,123
75
43,142
1,26,40
0,37,51,77,86,128,136,145,147,163,167,180
2,13,33,68,70,78,90
0,20,25,27,36,39,50
98,311
271,317
195
65,116
12,39,45,59,67,90
0,58,90
19,36,52,54
41
66
62
233,255
0,13,31,41,85,117,119,138,159,161,179
0,5,138,168,178
32,157,185,198,204,210,310,315,334
0,3,17,32,37,43,187,206,246,346
69
176,183,205,208,217,289,294,299
41,179,185,191,210
50,68
2,22,42,62,68,74,209,229,235,241,329,350,353
28,47,54
149,154,178,180
68,70,77,80,90
29,110,183,209,228,261,322
25,45,142,180
23,70,72,90
105,130
92,110,120,131,162,180
11,123,268,321,333
