24,45,24,8
1,91,8
98,1,1
5,14,20,8,39,13
58,42
100
70,25,6
73,13,6,7
90,8,2
94,3,3
78,2,1,1,18
89,3,1,3,5
96,2,2
52,20,11,11,7
85,4,1,4,6
73,27
37,9,53,1
14,52,24,6,4
11,4,8,2,2,3,71
100
3,31,2,65
5,95
27,72
12,1,14,4,68
100
15,17,68
84,16
18,63,20
1,35,65
1,9,4,33,53
36,64
24,13,12,3,5,5,38
46,1,1,53
59,41,1
22,56,22
17,1,55,27
3,81,16
100
2,98
21,79
19,19,62
61,10,2,25,1,1
12,8,4,4,47,25
26,74
10,8,12,16,5,15,1,4,1,1,1,27
18,5,8,26,35,8
36,58,6
39,61
4,23,10,6,2,7,7,14,28
18,11,71
1,38,1,9,13,21,16
12,13,18,9,48
20,9,25,16,26,3,1
100
10,81,7,2
100
85,9,4,3
100
40,6,16,24,10,5
21,3,14,15,32,9,6
76,24
48,52
100
25,42,21,11
38,25,36,1
28,11,8,38,10,6
30,10,26,30,3
24,7,21,48
81,3,5,2,9
1,99
12,77,12
39,33,28
100
41,18,9,21,11
1,1,11,1,87
1,2,36,37,10,3,5,7
11,8,7,4,28,33,9
40,1,23,1,1,4,1,6,23
48,20,32
100
100
71,27,1,1
99,1
100
13,32,54
9,9,83
1,99
54,30,10,5
1,2,3,7,9,3,14,7,2,10,41
15,36,14,13,12,10
2,83,14,1
61,39
19,16,65
31,69
51,49
36,64
100
25,37,37
33,67
50,50
13,1,87
39,13,48
13,41,7,25,13
49,51
47,53
48,52
11,1,8,1,3,13,22,4,15,23
30,1,1,30,16,6,7,7,2
100
12,1,2,1,1,4,12,1,31,33
48,52
45,32,23
45,29,26
8,35,32,25
67,22,11
30,70
51,49
53,47
8,2,25,5,12,48
100
29,47,1,1,1,1,6,1,13
84,16
2,4,6,89
8,12,5,7,8,3,1,10,19,25,1
1,11,7,5,26,28,1,1,16,5
100
100
15,25,18,42
56,44
53,47
28,51,21
100
20,14,1,41,8,16
4,2,1,93
85,5,2,8
83,3,2,1,2,9
64,4,2,4,4,16,6
74,26
67,33
3,11,3,4,2,58,20
27,16,7,9,3,13,24
12,3,3,22,31,6,6,11,4,2
1,5,3,9,1,3,1,6,3,15,16,4,3,2,1,4,17,3
37,5,15,4,19,3,16
11,2,2,3,25,11,46
29,4,3,4,6,2,2,10,8,3,12,16
2,17,8,11,8,3,2,49
2,12,22,3,46,9,6
21,8,11,18,6,4,3,31
4,2,11,62,21
27,1,5,1,19,19,19,7
24,37,29,7,3
1,1,1,39,58
11,2,32,55
2,2,5,29,2,1,59
100
6,10,83
100
94,6
9,91
4,3,1,6,87
2,2,28,69
100
100
26,74
17,83
95,5
1,1,2,96
100
4,34,8,54
1,1,98
6,1,22,30,5,25,7,3,1
4,21,11,49,2,14
13,83,1,3
99,1
87,13
80,12,9
1,2,59,33,5
30,65,1,1,2,1
48,1,3,48
9,91
14,72,14
100
100
3,1,96
84,7,8,1
98,2
85,6,2,7
51,7,3,33,6
13,87
6,5,2,4,83
31,22,6,18,4,18,1
9,3,65,12,6,5
100
9,2,3,25,29,32
24,24,53
40,36,3,1,19
47,39,2,11
1,84,1,14
1,99
1,98,1
10,88,2
28,2,3,67
100
18,82
100
2,10,89
22,78
100
28,71
1,2,1,2,2,8,17,1,67
25,30,5,31,3,2,2,1
28,72
57,3,40
70,2,1,27
58,20,20,2
16,6,2,7,50,19
2,2,1,11,85
11,56,19,14
96,4
51,1,1,47
100
88,12
47,2,51
12,85,3
20,1,2,77
24,76
9,21,17,4,28,21
86,1,4,7,2
3,12,46,9,30
6,35,5,40,14
3,4,3,3,4,12,16,56
1,3,1,1,1,10,64,6,15
4,1,1,3,91
100
1,53,46
48,52
38,62
27,73
6,94
11,89
8,82,10
3,97
28,72
100
35,65
100
100
37,3,59
4,1,1,2,9,1,17,5,45,3,4,1,6,4
83,17
100
4,58,5,33
13,8,28,48,2
39,26,16,14,5
86,14
100
100
21,12,22,45,1
91,9
32,61,8
4,94,1,1,1
100
100
100
9,50,23,11,6
57,1,42
13,1,2,2,11,3,23,12,3,29
31,12,57
33,67
44,1,55
100
97,3
40,60
100
2,5,93
64,3,26,8
100
100
14,86
12,88
1,1,1,97
18,14,4,3,11,10,18,5,17
96,4
7,93
95,5
2,2,10,87
19,81
3,83,13
2,1,1,75,7,14
93,7
8,92
8,13,79
2,98
5,3,83,9
7,93
90,10
1,9,38,26,27
100
1,39,10,19,32
40,25,18,18
2,3,1,94
9,29,17,28,17
40,21,39
4,2,1,13,7,13,61
8,20,3,69
6,5,53,36
13,5,6,76
31,47,2,7,2,3,8
82,18
18,76,6
31,69
8,17,61,13
22,1,77
47,52
27,73
3,97
2,81,17
87,13
99,1
1,1,68,30
1,55,44
100
100
97,3
2,4,14,2,5,73
100
68,18,14
100
100
100
89,11
100
100
15,11,9,12,8,45
27,32,40,1
11,9,21,35,22,1,1
1,36,3,24,36
46,36,10,7
100
57,43
20,80
68,7,9,7,9
100
100
23,77
27,73
23,70,7
100
47,4,4,3,9,16,4,13
1,45,43,1,1,1,7
80,20
30,6,10,22,13,4,16
39,61
90,10
56,44
60,40
100
95,5
100
50,50
100
100
5,15,1,10,22,17,24,7
43,57
4,3,2,71,1,7,2,11
6,87,7
27,73
24,4,4,7,61
75,25
9,86,5
100
14,86
94,6
97,3
100
100
100
7,4,88
50,5,45
1,1,16,82
62,29,3,5
1,99
100
37,18,20,25
100
98,1,1
96,2,2
11,14,76
26,36,15,13,10
100
48,52
3,19,16,49,13
30,70
68,21,11
28,18,48,6
40,2,59
3,16,2,1,2,7,69
97,3
98,2
86,14
3,13,1,82
1,1,1,85,9,2
100
20,80
100
20,80
11,7,78,4
100
9,91
99,1
13,87
98,2
11,89
2,98
7,5,88
100
20,80
5,4,92
99
20,23,9,2,4,2,3,2,3,31
4,14,12,43,1,2,1,2,1,1,19
81,19
100
31,3,5,15,42,5
27,2,3,64,4
1,32,52,6,5,4
100
15,5,6,5,19,36,10,3
27,8,13,52
8,4,2,9,7,68,1
1,5,94
15,1,24,20,35,5
14,5,25,55
100
1,99
41,59
47,53
50,16,34
1,1,23,5,5,7,56,3
49,1,50
37,6,56
51,3,5,42
82,18
72,29
100
100
12,9,38,37,3
25,32,14,29
37,1,61
5,95
26,74
67,33
100
90,3,6,1
100
100
7,18,75
93,6,1
43,29,29
100
100
2,1,97
100
76,10,3,11
7,54,11,1,28
14,51,19,9,8
42,20,3,12,22
100
16,84
48,52
25,42,4,7,1,2,20
100
50,43,2,2,2
74,19,3,3
89,4,7
39,19,22,4,4,12
4,2,44,31,19
62,38
38,1,61
1,4,1,7,6,3,2,74,2
50,8,19,22
23,76
5,7,88
1,99
87,12
2,90,5,1,1,2
22,18,5,13,7,4,10,17,3
30,8,62,1
2,1,10,6,2,5,47,27
1,98,1
21,1,4,23,22,9,21
10,3,6,3,66,10
41,7,13,9,6,16,8
99
11,11,77
97,1,1,1
100
88,12
16,50,21,4,8
29,1,36,34
5,95
100
100
45,55
4,2,2,92
100
15,30,7,13,5,23,6
36,64
95,2,3
100
70,11,3,16
100
100
95,1,4
82,18
83,4,13
41,59
84,4,5,4,4
1,8,34,54,2,1
86,7,5
1,1,50,36,3,2,7
17,16,21,8,38
66,27,7
84,16
20,12,43,1,2,1,22
6,1,92
98,2
58,42
31,11,4,54
74,8,10,8
1,2,12,28,10,46
90,10
8,6,18,68
65,7,13,11,4
15,5,41,34,5
5,44,41,4,1,1,2,1,2
22,39,28,11
64,36
97,2,1
4,28,43,6,4,16
100
100
14,86
89,1,2,5,2
90,7,3
17,8,48,11,16
25,75
10,90
84,16
1,57,17,2,24
2,92,3,2
75,5,6,4,11
4,96
60,7,5,12,15
23,5,4,19,1,12,37
96,4
74,5,1,20,1
100
9,86,6
24,44,27,5
15,5,80
24,21,1,5,12,38
7,54,39
16,27,11,18,28
12,2,3,40,20,3,2,16,1
1,1,2,1,4,1,1,1,2,3,83
48,1,1,31,11,8
12,88
7,4,70,19
41,58
10,12,13,8,57
7,93
92,8
53,2,1,30,8,6
94,6
45,32,5,12,6
22,7,13,58
1,98,1
57,43
41,59
5,5,44,46
17,82
70,1,1,3,23
100
100
3,1,8,25,15,46,1,1,1,1
99,1
21,11,3,65
4,77,8,8,2
40,51,9
7,4,38,14,13,3,2,2,3,13
7,6,6,81
3,2,4,77,14
69,31
1,16,1,34,18,30
22,30,5,12,21,11
100
9,91
100
41,3,3,53
14,86
100
8,90,2
34,3,1,63
47,52,1
1,61,38
91,9
1,1,42,6,4,8,10,10,6,13
9,10,80
12,88
40,60
1,99
100
100
1,1,25,12,32,29
14,86
100
100
100
6,4,89
23,13,1,64
91,9
8,19,73
58,42
35,25,29,6,6
7,1,2,4,85
100
100
100
100
100
4,96
56,44
6,94
96,2,2
48,52
90,10
100
100
2,98
100
99,1
21,79
100
100
7,4,88
1,68,1,31
100
96,4
81,19
13,1,85
5,95
35,62,2
2,66,8,23
37,63
11,15,48,26
11,29,18,42
71,29
28,47,9,15
59,41
86,12,2
100
31,4,6,18,9,2,2,7,1,11,8
74,25
7,13,47,5,2,5,21
100
10,65,6,16,3
61,1,33,5
2,2,96
100
100
42,46,13
100
100
67,22,1,10
12,1,67,12,8
2,3,4,8,83
9,6,2,3,5,5,5,12,17,22,7,8
32,3,15,50
45,19,36
11,21,8,3,3,23,1,1,28
23,38,30,1,3,4,2,1
56,25,19
9,9,18,7,7,52
5,4,52,3,30,3,3
8,84,8
4,96
17,6,6,8,16,4,29,14
21,11,54,15
1,41,19,10,29
26,3,1,71
6,10,84
5,3,6,85
7,12,80,1
18,4,32,5,39,3
20,23,1,1,7,34,1,12
26,26,23,26
34,11,14,35,7
3,1,13,1,1,1,3,40,38
100
80,19,1
4,96
5,92,1,2,1
13,12,1,34,12,28
100
8,1,8,4,2,2,2,10,61
71,25,4
67,32
33,10,5,9,1,4,3,33
18,9,1,3,2,58,5,3
92,8
1,1,98
45,55
100
7,17,13,61,1,1
17,8,39,35
92,1,3,4
96,4
10,89
100
100
17,42,25,7,6,2,2
32,58,11
100
70,1,27,2
88,10,2
100
87,13
18,79,3
1,2,33,7,9,41,6
26,23,32,19
100
100
100
10,14,12,3,3,41,16
3,97
83,17
66,34
100
4,96
5,3,1,17,4,10,59
19,81
2,48,48,2
66,27,7
77,14,9
1,6,93
1,2,1,1,94
9,5,86
79,5,17
99,1
4,96
13,87
1,37,61
25,73,2
1,1,1,25,28,44
3,1,23,72
24,14,6,7,18,31
2,98
100
100
30,4,60,1,4,1
100
100
3,45,17,35
73,27
13,49,38
100
9,91
9,4,4,5,11,5,16,45
7,2,14,1,2,1,4,68
100
5,23,58,14
100
100
7,20,22,27,24
74,26
32,68
100
5,24,19,53
100
52,48
98,2
1,1,13,11,70,5
100
94,6
69,31
100
100
100
3,37,33,27
100
90,10
100
2,98
100
92,8
100
37,29,4,2,27
50,28,1,20,1
5,2,25,51,8,4,4
21,1,3,9,6,13,13,5,17,11,1
1,22,10,7,60
8,8,30,4,4,4,2,3,2,35,1
16,4,49,26,5
100
1,20,15,4,59
56,1,42
50,50
20,14,66
9,1,6,1,2,2,3,1,3,2,44,25
72,28
15,85
100
100
29,57,14
2,70,26,1,1
100
9,43,21,12,15
5,33,1,9,32,19
1,21,76,2
36,20,43
76,1,2,1,1,12,2,2,3
47,18,5,30
99
9,38,8,1,44
71,5,3,3,1,3,3,3,2,2,1,1
41,31,2,26
100
22,65,4,8
20,13,1,33,32,1,1
17,68,5,4,5
100
100
92,2,6
8,23,1,1,1,25,34,9
45,55
61,1,38
15,9,76
17,25,1,56
17,13,15,21,22,13
10,1,5,74,10
1,50,4,46
100
4,96
55,45
11,6,5,2,5,6,66
1,29,10,1,59
3,20,67,3,6
21,10,8,33,5,5,18
50,50
76,24
2,29,31,22,15
9,1,11,16,12,5,4,8,2,2,3,10,11,7
10,19,5,4,38,9,8,2,5
55,3,41
55,3,1,4,1,37
6,3,20,4,14,30,23
4,4,92
8,9,3,3,16,4,45,10
5,62,3,22,8
38,10,9,1,1,11,21,9
1,99
51,49
17,8,13,45,17
43,49,7,1
32,34,34
18,82
8,43,41,8
14,86
2,1,37,45,7,7
6,2,2,75,2,5,6,1,1
67,1,31
70,30
100
5,2,48,45,1
100
100
85,4,11
100
86,5,6,2
73,27
100
37,21,41
100
26,53,21
100
21,29,50
3,2,2,3,2,63,4,23
8,63,6,17,5,1,1
44,34,6,15
2,2,83,4,2,2,6
78,22
24,47,9,19
4,43,50,3
88,12
98,2
100
27,3,14,3,49,1,2
21,11,11,6,5,5,22,19
15,3,6,35,4,13,18,2,3
33,28,29,9
1,9,2,43,33,10
3,50,26,20
23,77
36,1,2,1,60
5,94
29,10,51,11
100
76,23,1
22,8,1,8,3,9,19,22,8
2,98
1,87,10,2
24,74,2
100
100
100
45,19,10,2,11,13
1,91,3,5,1
1,99
47,18,10,7,17
23,1,1,8,66,1
13,9,5,11,1,8,13,14,12,1,4,7
1,49,3,46
43,6,51
68,2,30
17,6,20,31,6,18
18,17,10,54
10,69,21
11,52,21,1,7,7
33,17,25,13,12
8,6,12,7,22,14,16,13
9,65,8,18
25,44,30
100
42,58
1,99
55,3,42
11,78,8,4,1
10,4,86
1,99
93,3,2,2
48,1,3,1,31,16
5,1,2,3,73,1,1,8,6
100
82,18
18,30,8,44
100
2,2,3,9,28,11,4,5,1,15,21
2,1,1,38,33,4,2,6,7,7
12,3,13,13,21,6,4,5,19,1,5
99,1
39,27,34
73,1,1,1,1,3,13,8
100
24,76
2,7,14,35,2,1,40
2,19,8,44,2,7,17
8,2,90
46,54
6,42,2,1,6,44
25,72,3
1,3,96
38,62
58,42
19,25,1,54,1
55,4,3,8,4,7,2,11,6
50,50
93,7
100
64,9,26
100
100
100
100
82,18
100
100
7,18,5,2,19,21,4,14,10
10,20,70
100
1,4,7,1,2,32,13,39
33,7,10,28,22
1,99
92,5,3
5,95
20,80
22,9,40,28
100
100
100
93,7
100
2,1,1,69,26
40,1,58,1,1
4,1,95
76,4,20
11,45,43
100
42,5,52
89,11
100
10,90
32,68
5,17,17,43,18
55,45
78,22
1,1,98
22,73,4
4,96
81,19
51,22,3,1,3,9,1,9
91,9
58,42
54,46
100
100
100
14,86
24,8,13,36,19
100
10,90
99
21,79
100
16,6,78
32,41,9,12,6
100
1,5,2,4,88
64,1,1,7,3,23
43,3,2,2,11,9,3,6,2,20
43,57
1,5,10,18,10,35,20
82,18
100
100
100
46,1,8,3,3,5,2,2,8,5,9,1,2,2,1,3
34,1,1,10,54
100
28,1,72
90,10
53,5,1,4,5,3,29
100
2,1,11,1,2,28,14,13,24,3
9,1,1,8,3,1,4,4,29,3,33,2,1,1
1,16,16,8,52,8
1,38,8,5,49
1,8,1,2,1,1,1,1,1,1,1,1,1,2,2,11,32,32
31,32,37
15,3,7,1,2,71
49,1,49
1,1,3,3,4,1,1,2,1,2,5,44,33
13,87,1
46,3,12,11,28
4,79,14,3
100
7,14,79
21,79
62,38
1,99
10,56,34
70,30
100
100
69,31
37,39,24
48,51
60,30,6,4
74,26
100
100
4,96
100
10,90
46,54
35,65
100
100
84,13,3
52,48
100
5,2,93
100
5,25,70
51,12,19,17
90,10
3,5,10,10,31,41
51,49
3,1,96
4,91,1,3
100
43,5,1,1,1,3,1,2,2,5,3,33
43,9,48
3,2,26,30,39
3,2,6,5,5,2,4,1,11,10,2,3,12,6,6,3,5,6,6
10,12,13,9,1,1,4,8,1,41
42,49,4,5
2,36,19,22,20
40,16,19,13,13
36,49,15
79,21
25,12,3,38,19,1,1,1
100
7,13,12,5,25,17,4,4,5,4,2,2
100
54,1,9,35,1
100
100
1,20,26,3,36,1,7,5
61,1,10,10,12,6
96,4
17,1,1,31,5,7,1,15,13,3,8
51,49
22,78
30,3,2,3,1,3,3,13,2,3,4,5,28
30,48,20,1,1
7,36,58
17,5,9,69,1
2,2,95
77,23
30,28,43
62,38
12,70,5,3,11
59,41
17,11,72
10,90
36,15,49
4,51,2,1,42
34,65,1
15,18,67
28,21,52
1,5,8,1,66,19
1,3,13,8,4,71
44,10,45
1,20,3,17,25,14,1,14,5
7,4,1,29,36,23
13,7,25,5,5,45
18,82
1,1,98
4,32,38,25,1
10,90
99
100
8,10,8,18,30,25
2,20,3,9,65
52,48
17,17,2,1,3,44,15
100
100
46,54
68,32,1
100
17,9,2,4,3,4,1,60
43,26,31
40,60
3,28,32,18,19
100
24,76
100
2,87,9
21,79
1,14,5,16,1,8,22,31,2
10,36,40,8,8
100
100
42,2,55
45,30,11,14
70,6,3,1,1,18
1,9,16,5,7,39,24
27,51,1,20,1
100
41,56,3
11,5,5,78
95,5
43,1,55,1
86,4,3,8
100
80,20
1,99
87,2,11
100
100
1,11,1,3,47,8,28
41,9,1,2,29,3,7,3,2,4
50,2,1,10,9,9,6,2,10
100
14,66,19
90,10
100
100
5,33,57,3
100
100
4,96
89,11
41,3,2,2,4,4,2,1,23,18
100
100
100
94,5,1
23,19,3,4,45,6
100
2,14,20,18,14,8,15,8
94,5
2,24,18,33,23
100
96,3,1
1,73,26
3,96
90,10
6,94
5,2,7,1,1,1,1,1,2,1,1,1,2,8,22,44
45,11,43
74,26
74,2,5,17,2
18,1,7,74
7,12,13,1,27,41
11,8,1,7,30,8,36
29,42,29
2,20,4,55,3,3,13
15,1,16,7,60
2,15,10,11,62
7,2,6,5,29,2,9,41
61,8,30,1
77,23
8,2,14,10,4,14,47,1
1,12,6,12,2,61,5
42,33,26
100
57,37,5
4,20,73,3
1,1,5,16,4,32,7,20,16
83,17
100
100
34,25,17,3,21
23,47,18,12
24,7,69
69,31
97,3
53,6,3,7,31
100
2,1,97
32,67,2
80,2,7,2,4,1,2,2
100
100
91,9
48,46,5
16,3,2,4,50,23
1,1,2,48,24,4,20
21,20,1,4,2,23,20,7
74,7,2,17
19,57,4,1,1,2,4,1,11
9,5,3,50,13,13,2,1,1,1,1,1
34,43,18,5
22,20,55,1,1,1
19,24,1,3,53
17,4,6,23,30,20
35,65
15,58,27
6,53,3,1,1,34
8,6,43,17,6,10,10
4,12,65,3,6,4,1,2,2,1
37,1,61
1,4,4,3,12,6,27,34,8
98,1,1,1
1,47,52,1
57,14,5,12,12
13,26,38,23
18,16,13,52,1
66,15,18
7,6,2,8,8,2,7,37,20,2
24,1,75
1,12,15,71,1,1,1
99,1
12,88
25,75
14,86
100
9,5,5,82
95,4
99,1
16,84
100
11,89
28,72
22,7,71
53,47
9,39,10,8,26,6
22,34,3,12,29
100
100
100
12,84,1,1,3
6,8,6,79
1,11,1,87
72,28
100
2,81,3,7,2,5
34,21,45
99,1
20,9,65,6
11,25,65
100
1,31,68
44,45,11
6,4,32,57,1
28,23,2,4,4,40
100
2,92,1,6
94,6
13,75,2,4,5
63,33,3,1
27,73
89,3,4,1,2
100
15,85
100
62,3,30,6
39,61
1,99
2,2,96
20,57,9,14
32,15,53
61,39
60,40
100
100
5,2,93
100
4,66,30
89,8,3
54,36,10
96,4
100
5,95
65,35
43,57
2,76,2,1,1,17
78,1,2,19
84,8,8
92,8
29,5,6,60
99,1
9,23,68,1
70,7,8,8,6
33,38,29
66,4,4,11,14,1
94,6
48,35,16
99,1,1
12,17,1,70
4,10,2,27,8,22,2,4,2,20
6,46,48
24,7,68
47,53
98,2
10,90
28,20,7,25,5,15,1
55,22,22
7,3,9,81
42,3,2,21,21,11
3,97
16,84
68,32
20,20,60
12,2,23,1,62
45,55
53,3,37,7
4,96
100
41,59
18,2,59,7,2,11
7,2,12,78,1
45,5,3,18,28
89,1,10
100
1,19,12,4,6,2,3,12,6,4,28,3
2,9,8,13,9,14,6,9,5,11,6,4,2
2,14,2,2,1,15,4,6,7,23,2,2,3,1,3,12
9,2,5,1,45,3,8,28
5,3,2,19,21,1,3,1,4,10,10,8,14
36,3,60
100
7,11,4,25,1,1,18,3,6,18,1,5
100
100
5,14,12,2,10,58
100
95,5
65,35
11,32,57
18,1,81
87,13
100
15,85
100
1,3,1,36,60,1
1,1,99
81,1,1,18
16,15,69
100
14,86
100
45,11,43
100
2,98
1,67,1,1,6,10,15
1,7,22,44,17,9,1
83,17
1,16,19,64
100
34,66
74,6,11,8
95,5
100
100
52,48
39,51,10
100
100
36,12,2,50
25,13,24,18,2,1,2,2,4,6,1
45,55
96,4
100
100
46,50,3
33,2,27,3,33,3
1,24,15,1,51,9
5,10,59,1,12,12
8,5,3,2,44,2,1,10,24
1,3,4,8,13,20,2,2,17,5,3,6,9,3,3
7,4,89
2,53,13,32
31,40,2,17,10
2,25,3,38,11,13,7
4,4,5,2,1,83
15,27,7,17,1,30,1,1
36,64
62,1,32,6
13,71,16
12,87,1
91,8
5,1,54,40
31,36,1,1,31
5,41,23,29
30,8,1,1,4,3,1,24,7,5,16
1,24,26,20,9,5,14
1,77,23
19,20,61
3,60,20,17
53,47
58,42
36,10,54
1,1,6,1,14,76,1
100
8,16,7,67
1,10,23,14,23,14,16
61,39
48,52
79,16,5
26,6,1,1,43,23
72,5,1,1,3,1,1,15,1
87,3,5,1,3
26,70,4
96,4
100
20,80
27,24,12,37
55,32,7,7
16,13,11,59
99,1
100
100
11,13,76
100
100
39,36,2,23
18,29,32,5,16
27,31,21,20
50,42,6,2
100
1,99
6,94
100
100
10,23,27,1,14,9,12,4
1,18,67,5,9
74,3,14,3,1,5
45,7,14,21,12
44,9,22,18,2,4,2
19,42,28,11
95,2,3
86,7,3,1,1,2
13,20,68
6,8,5,14,15,6,3,29,14
1,1,87,11
19,10,71
52,3,45
42,28,30
100
23,4,15,3,7,8,4,22,13
4,43,8,45
14,30,1,1,1,16,35
18,82
26,30,44
15,60,3,1,3,18
4,1,1,35,1,1,3,4,46,4
100
1,7,86,2,5
29,35,4,32
47,16,19,12,6
100
53,47
34,6,31,29
6,22,8,7,32,23
5,30,11,54
5,95
47,20,33
100
4,96
89,9,2
93,3,4
26,23,5,46
3,16,10,11,20,17,21,1
1,12,1,59,26,1
4,2,2,3,2,30,51,6
11,9,59,21
8,20,8,18,36,9
38,23,32,6
48,39,6,7
31,22,47
3,7,5,85
31,17,17,19,9,6
2,29,36,12,2,19
100
2,5,90,2
4,1,9,11,50,24
94,3,3
100
46,34,13,3,3
9,3,4,7,10,11,15,42
19,68,6,7,1
55,27,18
69,15,3,1,2,4,6
81,5,14
6,42,46,5
90,10
28,72
100
49,11,39
100
98,2
51,49
5,9,8,4,4,6,9,2,2,49
68,4,1,1,25
1,24,1,75
8,92
4,95
31,4,25,5,5,28
5,28,45,4,17
100
27,6,2,15,50
1,83,10,7
22,1,3,2,72
43,2,56
11,4,26,21,4,4,8,4,6,1,4,2,1,3,1
2,96
84,1,1,1,9,1,1
75,19,5
83,17
15,9,35,13,28
13,9,78
100
5,11,53,20,3,5,3
100
100
100
100
25,1,24,8,16,7,7,12,1
56,44
28,21,50,1
64,36
2,59,39
1,1,38,60,1
45,19,36
100
100
1,49,50,1
42,58
3,96
100
48,5,24,5,2,12,4
18,3,32,42,5
49,6,4,19,1,6,4,10
96,1,1,1
72,11,1,16
34,4,29,33
3,97
25,39,1,3,2,19,12
88,4,6,1
100
98,1,2
74,1,10,15
100
98,2
100
100
100
100
100
76,23,1
100
56,44
100
100
100
100
100
4,4,6,8,39,26,5,2,1,6
36,27,29,8
32,68,1
3,53,1,14,1,19,10
1,23,5,13,11,13,12,22
47,47,5
83,17
100
100
4,7,6,3,4,2,5,4,1,3,61
3,40,4,6,26,21
15,84,1
26,7,16,4,4,9,1,34
98,2
100
100
100
8,37,8,2,4,6,20,15
20,4,11,1,29,29,3,1,1
64,26,10
16,84
1,9,67,6,17
1,99,1
37,60,1,3
26,9,9,1,54,1
13,35,3,3,22,1,4,10,4,1,1,1,4,1
17,80,3
4,11,13,36,1,1,1,33
21,78,1
1,10,12,15,5,2,1,47,1,4,2
53,15,32
2,97,1
22,18,9,20,17,12,2
84,16
67,2,31
6,71,12,4,6
100
4,4,10,30,3,39,11
3,2,13,5,55,22
15,85
85,15
12,74,6,8
12,80,4,5
100
1,64,36
100
5,65,29
40,27,14,19
32,14,4,1,2,1,5,3,3,36
22,18,18,35,7
95,5
1,2,24,7,65
14,86
6,94
100
100
70,30
96,4
99,1
83,16,1
1,17,17,1,18,27,1,17
31,22,47
55,1,3,32,10
40,60
5,15,11,7,10,9,7,34,1
83,7,1,4,4
82,10,1,3,4
42,7,4,6,4,32,4
100
52,1,48
46,5,6,1,7,13,23
100
100
7,5,12,39,1,10,2,25
55,3,41
58,42
10,52,9,29
100
100
100
27,57,17
31,36,32
100
6,56,24,14
1,8,13,8,50,3,6,4,5,1,1
100
5,2,5,1,1,1,1,2,31,16,19,6,11
98,1,1
100
88,11
9,75,16
100
99,1
8,54,34,3
53,47
6,94
1,2,1,12,16,22,24,23
95,5
23,8,69
100
100
100
46,54
24,55,21
5,13,5,6,7,63
57,43
30,70
39,61
51,1,7,2,4,1,3,32
5,95
100
1,34,64,1
76,17,6
10,32,4,11,3,40
100
19,8,1,3,2,57,9
100
58,42
17,19,31,20,12
100
100
100
33,13,28,1,23,1
20,80
100
99,1
100
17,32,12,12,27
4,96
100
2,2,1,95
100
100
7,93
1,11,6,10,4,1,1,13,5,4,22,5,4,8,3,2,4
69,30,2
100
6,13,5,75
100
1,1,1,76,23
100
30,6,46,9,9
100
100
100
3,4,79,14
100
31,69
27,1,72
62,37
5,8,34,29,5,5,4,1,7,5
100
100
3,97
5,6,3,1,44,40
22,78
100
2,98
44,7,2,1,2,3,16,23
12,80,1,4,1,3
29,2,13,13,20,23
8,8,18,7,59
27,8,1,2,1,6,6,38,5,5
1,4,95
1,33,29,36,1,1
100
19,19,1,5,20,11,23,1,1
72,28,1
90,4,6
100
100
83,1,15
100
100
97,3
100
100
100
100
100
100
100
53,6,6,34
22,44,14,9,11,1
86,1,2,4,7
5,72,23
2,29,68
46,19,5,7,21,1
49,51
100
34,31,35
6,94
98,2
54,46
1,26,5,2,19,47
16,6,21,57
4,96
18,13,13,14,12,2,5,5,18
5,3,24,68
52,28,20
1,99
7,3,90
2,5,39,9,40,5
1,42,57
4,1,71,25
100
7,3,3,4,83
3,3,5,87,2
66,29,5
32,11,9,48
100
100
49,12,33,6
8,36,56
18,14,6,6,21,36
2,4,1,1,93
78,21,1
100
6,50,8,34
100
6,91,1,2
5,1,94
68,32
39,61
98,2
100
100
9,1,24,67
100
1,54,44,1
25,51,25
100
41,59
1,1,97
1,83,14,2
2,5,2,90,1
1,6,47,32,3,3,8
44,8,48,1
100
100
29,20,3,2,21,25
37,11,3,5,30,14
3,97
57,12,5,1,1,3,1,21
97,3
20,8,21,50
97,3
24,3,51,11,4,7
5,95
78,22
60,40
88,2,2,2,2,3,1
6,89,4
88,3,7,2
100
100
100
62,35,3
100
100
100
95,5
84,2,13
26,30,17,28
36,17,2,4,25,1,6,9
20,9,7,63,1,1
3,92,5
94,2,4
99
96,3
8,4,2,25,33,5,23
1,14,4,3,25,3,25,23
6,2,2,61,29
43,8,8,42
6,4,69,11,1,10
94,5
87,13
36,39,20,1,1,3
17,7,6,11,7,8,7,29,2,3,2,2
83,17
4,24,20,32,16,5
83,17
24,11,7,9,49
20,79
4,15,16,21,15,29,1
84,6,10
43,38,1,1,7,1,7,1
98,2
67,13,1,19
12,8,5,5,67,1,1
100
35,65
11,89
14,4,16,54,12
11,23,66
87,13
6,94
100
2,98
50,45,2,3
4,7,28,51,10
56,5,39
13,33,54
80,20
18,1,15,65,1
9,65,26
1,1,99
50,28,2,21
3,1,11,83,2
100
29,30,5,2,35
100
95,1,1,2,1
25,75
72,19,9
100
2,19,50,30
16,36,45,4
62,38
92,8
100
100
100
33,67
73,27
100
1,68,16,14,1
96,4
50,50
27,12,31,24,6
100
14,10,19,27,30
20,16,38,27
18,16,2,63
68,1,31
32,61,1,1,5
2,1,15,4,77
2,2,2,3,12,3,76
2,31,9,58
85,4,11
13,86,1
10,90
56,5,16,3,7,3,5,4
1,2,3,1,70,2,4,9,8
1,1,1,60,8,30
6,34,13,17,4,7,4,4,12
100
1,1,1,20,1,15,3,59
1,53,46
25,5,2,3,4,61
40,5,19,35
77,23
9,4,11,9,54,13
100
6,3,92
26,34,37,1,1
5,95
94,6
29,4,61,6
22,45,33
24,5,14,18,8,27,3
69,31
100
1,1,1,2,1,2,1,80,11
25,59,15
9,54,37
13,12,75
73,8,14,3,2
38,62
1,51,47,1
19,20,19,30,12
100
63,37
65,17,6,12
25,33,10,6,27
79,21
53,15,32
100
69,20,5,6
46,54
59,11,30
100
20,15,37,28
100
17,80,3
3,10,10,35,31,4,7
5,59,1,36
100
26,72,2
100
96,4
4,2,8,61,14,5,4,3
100
4,2,94
5,23,13,59
97,1,1,1
54,5,6,35
11,67,18,4
6,12,19,60,3
4,11,4,16,6,27,33
1,71,29
100
1,99
2,1,97
7,3,2,5,51,1,31
99,1
37,8,4,45,7
36,20,26,18
10,90
68,9,23
24,56,20
3,9,37,51
36,15,9,13,1,25,1
3,26,5,3,2,5,2,5,3,2,4,6,16,12,7
72,12,3,3,9,1
100
100
100
9,4,87
33,66
100
5,15,7,8,13,10,15,25,1,1
93,7
21,1,77,1,1
100
15,85
100
60,13,7,17,2
5,2,21,6,65
100
81,3,16
100
3,1,95
100
11,4,5,4,8,68
8,46,3,28,6,10
100
37,45,11,8
44,14,1,40
100
100
2,98
2,74,2,2,17,3
3,2,83,13
18,82
77,14,9
37,11,6,46
17,1,83
17,82,1
4,96
25,4,22,19,23,1,5
1,77,22
15,6,79
87,13
10,16,74
2,2,7,1,2,12,20,19,3,5,5,7,8,1,6
7,5,5,4,1,40,2,37
1,2,1,3,93
32,39,29
33,9,58
100
1,31,68
7,15,7,22,21,1,14,4,2,1,6
4,1,32,63
1,1,3,68,28
100
17,79,1,3,1
34,48,5,13
5,48,17,17,5,8
30,40,30
14,40,16,29
34,66
1,1,30,16,52
3,24,5,67
58,3,5,15,18
99
80,20
34,66
100
46,54
96,4
100
100
20,13,64,1,2
26,6,28,17,23
20,80
8,23,14,33,16,5
74,21,4,1
1,13,8,20,12,1,2,4,3,3,5,27
57,1,7,1,8,10,14,1
4,78,12,2,4
5,2,1,86,6
11,3,8,78
100
1,9,61,25,1,4
95,5
33,15,52
36,46,18
62,38
100
100
100
44,1,56
97,3
48,52
100
100
10,81,8
44,15,23,18
5,31,64
11,89
79,21
20,3,5,12,59
37,8,55
5,95
44,49,3,2,3
12,19,69
68,32
22,78
91,9
92,8
100
1,9,12,16,1,61
51,49
100
100
34,66
100
74,8,3,5,4,6
97,3
16,17,33,5,28
51,1,1,1,2,1,22,11,12
1,7,1,29,44,11,1,4,2
100
64,15,20
2,98
3,97
98,1,1
100
100
100
100
100
25,35,2,2,32,2,3
59,41
60,5,4,23,6
100
4,6,7,23,7,51,3
35,64
7,63,31
100
97,3
1,10,1,56,29,1
18,21,2,4,3,5,14,11,4,7,3,8,1
58,1,13,5,17,1,4
17,5,9,4,1,61,2
100
91,7,2
83,17
8,37,18,15,23
100
100
48,52
100
57,33,10
100
96,4
100
60,2,4,1,6,8,11,7
100
11,13,24,2,7,10,13,7,12
100
100
100
27,50,23
99
8,4,14,75
99
85,14,1
1,7,1,7,78,3,4
100
1,74,26
87,3,11
100
58,1,3,3,35
12,14,19,8,6,5,31,6
6,5,3,1,2,11,9,3,7,2,53
1,1,35,59,5
84,15,1
4,1,1,92,2
6,24,7,29,34
24,55,8,13
100
2,18,80
21,5,19,22,33
100
9,6,85
100
100
5,61,1,32
40,24,36
69,2,11,7,8,3
37,30,13,11,1,8
100
100
100
90,10
89,11
48,4,14,6,19,1,9
1,72,17,1,10
12,8,10,10,7,6,5,4,10,2,22,3
7,15,11,1,47,9,9
2,35,23,39,1
71,3,8,17
73,27
17,83
4,24,33,5,6,21,7
35,34,15,4,7,4,1
1,14,1,25,9,14,38
46,54
13,3,30,6,11,19,17
54,42,4
35,4,2,54,5
15,3,82
100
48,52
44,56
100
7,12,21,1,1,1,4,1,9,9,35,1
53,47
70,30
38,62
9,2,1,3,1,1,2,3,13,3,3,7,8,38,6
34,66
20,5,2,4,6,63
89,11
24,76
6,34,39,4,15
37,7,45,5,5
64,36
68,32
95,5
63,11,6,1,1,5,12
64,1,6,7,19,3
2,1,1,2,2,16,2,25,3,47
100
25,15,25,2,3,10,2,6,12,1
51,38,2,1,7
7,11,9,73
88,9,2
100
14,2,84
14,86
100
100
6,52,2,11,28
12,2,86
100
4,2,3,4,86
100
26,3,4,1,1,1,59,4
50,9,3,34,4
24,3,43,24,6
14,6,6,7,3,7,29,14,4,10
100
25,38,1,36
100
9,30,5,56
2,2,1,95
40,17,43
28,25,42,5
16,74,1,9,1
42,3,55
100
1,1,99
79,21
28,18,9,18,18,8
100
28,17,1,2,20,32
24,1,1,2,25,42,6
41,1,3,1,2,6,45
46,11,1,1,1,40
76,24
62,2,36
31,6,7,5,8,7,3,16,18
3,16,5,4,5,3,2,12,4,46
7,23,7,4,9,11,12,15,8,2,2
38,62
80,19,1,1
91,3,1,4,1
88,1,12
5,33,61
61,4,1,1,1,34
51,48
31,15,1,1,5,28,10,2,1,1,3
53,25,22
8,34,3,3,6,46
38,2,6,3,1,1,1,19,29
15,49,1,1,14,3,15,2,1
5,18,14,3,50,5,5
81,19
1,5,12,17,2,29,1,10,1,22,1
3,13,83
100
42,1,14,42,1
82,9,9
54,10,10,1,1,25
8,11,9,13,59
5,95
45,7,14,34
33,34,34
100
100
19,81
100
100
7,50,42
17,2,1,80
100
11,11,79
54,29,15,1,1
44,56
21,8,31,36,4
4,2,94
1,1,1,35,6,22,5,4,25,2
100
100
100
100
100
22,11,17,50
1,45,54
100
100
3,3,10,7,6,14,1,2,4,28,21
77,9,1,1,13
100
97,3
33,67
100
100
100
99,1
6,2,39,4,49
4,11,82,3
66,19,12,3
100
17,3,3,15,15,10,7,18,11,1
62,8,13,15,1
76,3,6,16
93,7
76,18,5
76,24
6,19,13,5,51,5
1,99
14,47,38
100
23,2,1,72,1,1
33,67
22,53,1,23
3,46,51
40,26,12,22
55,7,38
1,99
100
5,3,1,2,3,86
5,61,34
94,1,4
29,4,67
65,15,18,1
18,1,12,13,3,13,4,7,29
100
1,9,2,3,86
100
100
98,2
100
100
70,30
40,7,6,48
100
100
100
100
29,39,31
100
100
100
94,6
1,19,80
100
100
1,99
84,10,1,5
100
100
100
2,21,24,23,8,21
100
84,15,1
99,1
100
44,5,9,29,13
71,3,7,4,4,10
34,20,46
17,17,46,6,1,12,1
5,86,9,1
48,1,51
87,8,4
58,42
88,12
14,13,48,26
6,5,2,88
68,31
24,44,31
5,7,88
42,1,10,1,5,26,16
2,17,12,69
96,4
28,72
66,4,1,1,3,4,5,9,1,7
72,4,1,2,21
100
87,7,6
100
3,4,93
97,3
18,1,1,1,1,2,7,68
100
100
1,39,9,51
3,14,28,44,10
74,16,10
43,3,4,3,47
1,11,10,17,7,7,6,4,36
21,31,12,34,1
43,5,22,6,7,17
63,13,24
1,2,7,91
41,27,27,6
100
84,2,2,1,1,2,1,1,4,1,1
100
100
80,1,1,2,1,1,5,3,7
6,21,72
5,1,31,1,13,1,47
8,7,12,3,8,4,3,11,29,13,3
1,27,1,8,2,1,29,21,11
1,8,2,75,4,11,1
45,11,4,19,19,1
36,7,44,11,2,1
1,1,49,49
85,2,11
98,2
100
100
100
53,47
1,99
90,10
60,24,16
25,16,59
57,5,39
45,7,1,48
68,31
84,16
29,29,23,19
4,11,12,74
1,94,6
15,85
71,14,2,4,2,4,4
100
11,87,3
100
42,40,1,1,17
100
1,99
50,8,15,28
25,75
100
51,48,1
100
34,32,34
3,11,5,45,35
1,99,1
7,27,33,33
33,30,37
32,68
95,1,3
19,81
45,1,24,5,18,7
100
75,25
10,13,7,2,8,8,33,18
100
1,4,95
1,9,47,43
100
100
60,23,12,5
1,44,44,11
30,58,1,11
44,56
100
51,49
100
81,19
11,1,89
91,9
18,41,14,19,8
5,1,2,1,10,67,14
1,21,17,61
41,59
20,16,6,6,52
79,5,12,5
74,12,14
99,1
46,54,1
48,11,39,2
3,77,6,3,3,8
12,13,3,9,63
34,20,20,26
2,2,3,3,21,64,2,4
22,20,18,40
16,73,1,1,9
43,16,10,10,10,1,1,9
42,6,18,8,9,12,3,1,1
90,10
81,4,6,8
74,26
10,79,10
8,10,10,24,29,7,12
5,95
16,15,10,5,5,9,15,2,23
2,98
100
10,90
44,4,27,24,1
100
9,91
100
78,22
1,2,97
20,19,62
100
1,23,75,1,1
68,23,2,1,6
96,4
100
100
100
100
43,34,24
100
100
98,1,1,1
100
30,57,13
3,35,2,1,41,7,11
10,14,22,2,2,6,5,1,3,7,10,9,8
27,1,1,9,9,6,15,13,4,12,1,1
100
47,10,15,18,10
86,14
70,30
100
100
100
30,60,11
3,42,55
44,56
62,38
14,37,14,35
54,17,29
18,62,19
100
40,9,51
25,46,30
50,50
32,6,61
36,64
46,6,7,3,6,17,14
77,1,23
14,2,4,6,75
100
47,35,12,5
23,27,50
45,55
2,4,14,11,9,60
7,4,4,4,5,76
80,5,15
83,5,13
3,1,97
100
92,8
59,3,32,2,4
62,38
30,54,3,1,2,4,5
2,98
18,82
75,25
100
17,28,2,54
6,19,75
100
1,48,7,1,5,37
100
100
100
9,85,6
97,3
92,8
5,31,31,32
5,28,44,7,16
100
84,16
100
6,5,5,84
1,99
94,6
9,8,6,12,7,57
84,16
45,15,8,32
10,24,66
5,3,41,51
100
100
1,59,40
100
3,89,7
100
100
100
39,61
93,7
63,8,2,1,5,14,2,4,1
1,4,1,7,13,24,48,1
15,34,43,8
100
100
6,2,2,81,9
67,33
3,20,21,57
85,9,6
82,18
6,3,6,13,71
3,80,13,4
94,6
9,64,3,8,9,8
79,21
3,90,7
53,47
24,2,11,63
47,36,4,6,7
100
62,38
1,75,2,7,15
17,8,7,69
40,55,1,2,1,1
100
98,1,1,1
6,43,2,48,2
87,13
78,18,4
12,10,11,22,40,5
30,70
71,20,6,3
3,80,1,2,13,1
2,66,31
64,3,33
100
37,1,1,30,31
50,8,41
2,2,96
99
3,92,2,2
95,5
92,8
84,1,10,2,4
7,89,3,1,1
7,6,65,3,5,11,3
100
94,1,5
97,3
15,84,1
4,2,4,25,11,30,2,21
31,10,59
1,1,3,2,87,7
85,6,4,4
67,12,17,4
61,38,1
79,7,14
49,51
17,18,1,24,41
61,38
41,7,2,48
100
17,8,4,15,4,3,38,10
100
51,48
100
94,6
88,1,4,3,4
5,95
1,99
14,27,14,9,31,4
1,2,11,8,36,3,10,15,13
89,5,2,4
81,11,8
7,24,58,10
100
100
5,3,86,6
72,17,8,2,2
3,97
50,7,5,38
95,5
32,29,13,12,3,11
21,9,70
10,52,18,19,1
3,93,3
8,24,21,27,3,2,5,8
100
49,1,5,46
49,6,12,16,17
1,73,26
8,34,4,2,2,2,47
62,38
7,1,1,91
100
19,3,79
11,3,23,63
100
2,98
55,40,6
2,84,11,4
10,90
26,29,42,3
5,3,1,9,29,53
3,3,14,81
56,44
40,60
41,2,26,31
30,26,44
12,86,2
37,12,11,3,37
7,54,39
95,5
96,4
100
42,7,34,8,5,4
24,57,2,3,6,8
3,1,96
100
4,49,39,8
27,52,4,9,8
11,4,85
55,45
29,71
11,24,64,1,1
33,17,3,14,3,21,3,6
2,98
1,3,1,1,61,5,28
31,16,1,8,1,43,1
83,15,2
100
62,38
14,54,8,11,7,6
3,2,2,93
14,6,80
8,3,6,82
1,3,76,20
4,8,5,15,68
100
1,45,54
100
97,3
55,34,2,2,8
22,2,26,26,24
87,13
33,33,35
2,2,39,55,2
100
100
94,5,1
100
90,4,3,3
72,4,23
6,87,6
34,66
38,51,10
25,2,1,66,2,5
26,2,71
4,96
11,89
57,43
20,80
27,30,43
11,1,88
8,9,72,6,6
2,2,23,22,3,1,1,46
43,9,18,17,3,5,5
4,96
68,19,13
81,1,1,1,4,8,4
1,99
9,91
20,80
15,28,58
59,10,11,19
28,16,22,34
14,5,1,7,11,62
22,7,32,34,6
43,8,46,3
4,77,19
92,6,1
6,1,5,1,2,22,19,44
7,23,29,32,10
2,60,1,36
60,11,1,28
81,9,2,2,2,4
1,47,15,29,8
99
1,14,84,1
32,20,25,10,13
3,4,93
17,32,6,23,11,10
3,5,12,14,15,40,12
28,26,46
6,40,49,3,1,1
22,52,1,25
9,17,5,20,46,3
4,2,8,12,7,3,55,1,7
100
6,91,4
53,1,8,5,32
11,5,4,68,2,1,9
25,9,52,12
13,4,3,3,20,17,39
22,54,24
19,55,4,2,2,2,3,6,2,4
2,37,24,38
100
1,6,49,44
16,16,30,5,6,28
91,1,8
14,85
4,8,14,3,4,2,65
6,12,25,1,3,4,1,4,3,15,25,1
1,31,69
1,8,31,30,30
38,62
94,1,5
95,5
5,95
65,35
12,2,3,44,16,23
100
57,44
100
20,4,9,5,62
26,2,72
20,14,66
32,10,58
100
25,70,2,3
1,16,6,77
60,40
100
100
100
100
15,45,2,1,38
49,50,1
17,22,1,60
42,5,52,1
37,63
14,11,8,28,39
100
3,8,3,86
100
2,98
20,20,38,1,1,1,18
100
80,7,7,7
100
4,96
3,2,9,23,45,17
52,48
6,90,3
100
32,8,26,28,6
12,86,2
100
88,12
8,92
100
36,64
100
100
36,1,63
100
100
35,64,1,1
62,14,2,22
15,15,70
18,8,4,70
100
46,16,38
7,14,4,73,2
99,1
21,71,3,5
42,58
24,4,16,1,55
3,41,56
5,78,16
15,14,70
100
100
100
100
100
100
100
1,99
100
100
100
100
100
100
100
100
100
100
71,29
70,30
100
85,2,1,2,3,4,2,1
4,4,18,20,14,11,6,21,2,1,1
10,32,58
51,25,14,5,6
10,63,5,2,12,7,1
71,29
7,33,59,1
2,22,76
100
99,1,1
3,97
74,23,1,2
96,2,2
8,11,16,48,17
9,81,9
97,3
100
31,69
46,9,7,37
15,85
61,3,4,1,1,2,12,15
100
3,92,3,2
81,1,18
7,11,11,31,37,3
9,9,37,3,42
34,2,63
39,4,7,6,9,35
39,3,1,1,24,4,1,28
1,11,16,3,13,27,8,4,3,7,5,2
100
100
49,51
100
39,61
100
20,29,1,1,11,7,9,24
12,59,3,11,5,5,1,3,1,1
8,67,4,3,13,4
100
100
100
58,42
95,5
35,65
29,71
100
35,65
25,75
38,30,6,3,14,9
30,7,12,8,23,1,1,12,6
35,19,19,22,5
51,5,3,15,27
100
3,27,53,17
25,47,27,1
2,6,61,5,3,6,14,2
64,1,35
4,93,2
96,4
97,3
98,1,1
88,12
1,13,86
69,31
33,57,10
100
100
23,28,22,7,19
6,17,18,59
68,32
82,9,9
53,47
63,22,14
80,20
97,3
98,2
66,34
19,36,45
100
100
96,1,3
95,4,1
100
67,11,5,6,6,4
60,1,1,2,1,4,1,29,2
32,49,3,14,2
50,44,6
14,82,4
2,92,5
1,1,97
46,2,35,11,6
97,3
84,16
4,6,90
100
92,7
100
100
100
100
94,6
58,42
20,80
1,1,13,42,4,38
51,29,19,1
35,2,1,2,59
32,65,2
5,95
14,12,5,8,3,57
19,68,13
4,52,44
35,36,29
17,22,2,59
3,3,5,21,2,30,35
5,2,2,2,1,1,4,2,2,1,3,75
54,46,1
3,3,93
90,10
15,85
4,3,92
9,4,87
32,3,64
32,3,5,2,58
2,45,2,51
100
45,1,1,5,7,1,1,4,28,8
13,4,3,80
100
100
1,22,1,1,57,18
45,55
2,24,75
3,97
100
41,44,14
40,60
1,99
4,26,23,9,37,1
96,4
100
16,84
20,14,3,63
16,28,5,51
72,27
95,5
100
100
100
14,7,8,72
7,1,17,10,2,10,52
80,20
3,97
100
4,96
44,19,24,7,6
48,11,14,6,4,17
15,54,31
79,21
5,6,89
95,5
100
18,1,45,35
100
65,2,1,3,6,14,1,5,3,1
100
15,41,44
100
4,15,56,25
76,22
2,2,2,2,2,53,3,5,8,9,1,1,1,9
100
31,63,3,3
62,38
38,1,34,5,6,5,12,1
100
1,1,98
100
36,36,6,13,7,2
100
100
3,97
1,31,20,4,10,20,4,8,2
2,98
1,1,97
11,23,67
11,5,83
12,14,73
34,16,9,16,25
100
3,97
6,2,92
9,91
6,94
48,24,27,1
45,54
99,1
94,5
95,5
11,23,41,3,19,1,1
3,5,92
100
100
2,85,1,2,3,7
40,59
31,7,58,3
12,74,9,2,1,1
100
22,8,35,12,22
29,31,20,1,5,4,9
2,1,94,4
66,14,21
77,10,13
50,45,4,1
39,3,57
88,12
21,55,24
21,10,8,20,39,1,1
50,50
61,39
100
26,43,5,7,7,8,3
2,1,89,7
53,47
1,1,42,28,29
100
61,27,1,11
24,31,45
100
100
15,85
86,14
32,2,66
5,7,14,11,54,9
100
100
88,12
1,5,94
13,11,25,11,40
4,45,5,38,8
100
74,1,24
11,10,78
100
13,1,26,60
1,20,1,1,77,1
26,4,12,10,6,43
14,6,3,3,4,2,4,4,31,21,8
12,1,5,1,6,9,66
31,10,26,17,5,12
1,1,1,44,2,19,15,10,8
100
8,92
79,1,20
2,6,45,21,26
6,4,2,10,47,20,11
1,10,26,32,10,8,10,4
57,11,15,17
8,1,78,14
7,2,30,10,9,40,2
9,91
100
5,27,68
88,8,4
66,24,1,9
72,19,9
10,32,58
82,18
86,7,8
4,2,14,29,4,5,17,3,19,1,1
100
10,13,19,51,7,1
47,1,8,45
95,5
2,2,1,5,2,88
88,11,1
100
100
100
100
95,5
100
41,43,7,5,4
88,12
100
100
15,35,50
20,13,68
100
1,1,21,12,26,1,37,1
8,8,38,40,6
30,28,43
89,11
87,13
20,80
96,4
81,19
100
100
2,70,28
100
100
70,13,1,15
1,2,1,58,3,36
100
50,50
1,4,5,16,3,1,4,3,55,9
100
100
53,47
7,19,73
9,31,1,4,14,40
61,3,10,2,12,11
100
10,4,37,16,34
100
56,44
100
4,3,20,73
64,3,33
12,9,38,41
17,83
5,5,10,7,1,15,2,24,21,3,8
12,4,16,6,27,35,1
31,40,17,1,3,3,4,2
47,7,10,4,11,13,8
25,16,59
100
95,3,1,1
100
100
100
33,5,62
6,8,8,47,31
100
42,6,52
7,93
90,10
100
100
20,80
96,1,3
100
62,1,1,2,2,33
100
12,88
72,28
100
100
56,44
18,79,4
100
1,86,14
92,8
91,9
74,26
100
1,29,7,10,27,19,7
63,37
23,3,13,61
100
100
100
100
100
90,1,7,2
26,52,22
1,25,63,3,7
3,24,23,6,20,4,4,5,8,3
71,2,2,7,5,6,7
26,9,1,34,1,7,5,7,9
1,7,2,1,76,5,8
1,88,12
29,71
88,12
100
15,3,3,8,72
36,64
78,22
78,22
78,2,20
100
89,11
100
91,1,9
68,32
75,25
1,99
64,36
100
46,54
3,3,2,2,85,2,2
13,10,1,75
5,25,22,42,6
85,7,1,6,1,1
58,39,4
1,1,2,1,15,81
36,2,42,19
3,75,7,7,1,1,1,4,1
1,1,2,95,1
6,1,11,81
100
16,3,35,47
100
81,19
54,15,9,9,10,2
13,7,42,5,33
1,18,18,13,51,1
39,22,39
41,58
14,86
100
100
45,14,11,12,18
100
100
84,16
100
91,1,5,3
96,3,1
100
100
100
5,53,9,13,20
41,46,14
100
100
53,34,1,6,6,1
26,59,6,9
100
4,4,79,13
3,2,5,5,85,1
94,3,1,2,1
15,10,5,18,28,24
15,1,41,12,10,4,17,1
98,1,1
1,45,11,19,25
23,2,66,2,2,5
94,6
14,19,29,2,18,18
96,4
1,99
1,4,4,53,8,22,7
100
5,6,33,35,14,3,1,2,1
3,97
3,97
100
100
76,24
31,69
86,6,7
100
100
100
100
24,2,1,22,1,2,4,19,1,6,18
100
49,30,1,20
16,72,7,2,2
7,9,33,6,18,5,2,13,7
24,10,19,14,10,2,22
1,1,4,1,29,7,1,31,14,1,8,1,1
100
100
100
100
100
100
100
47,28,25
36,30,35
7,93
1,74,15,9,1
2,3,2,3,6,6,12,6,5,8,3,10,22,11,1
5,12,57,1,25
100
3,97
51,3,46
100
100
86,14
100
19,1,1,79
3,96
79,20
3,97
19,81
84,16
75,25
4,20,10,66
11,11,37,41
100
14,72,13
31,25,4,40
100
96,3
100
79,2,7,12
95,1,1,1,1,1
9,86,4,2
51,15,34
6,15,11,14,8,1,1,44
23,3,24,44,6
91,9
54,46
4,5,7,32,41,11
79,21
100
100
96,4
100
100
74,1,1,1,24
5,21,74
75,1,23,1
100
84,16
100
100
16,6,77
96,4
2,98
45,54
1,3,4,92,1
1,1,1,1,4,1,28,64
3,27,45,25
100
100
100
100
100
41,11,6,13,28
11,27,61,1
100
98,2
82,18
10,19,4,12,1,2,6,13,3,30
93,7
100
31,69
92,1,7
100
64,36
37,63
100
3,1,96
24,76
9,5,34,16,26,5,3,1
80,20
30,5,3,41,21
2,98
29,1,70
30,70
9,8,1,11,27,20,5,17
5,19,5,1,1,44,24
95,2,2
11,89
94,3,2,1
100
92,8
100
65,17,17
7,48,40,5
50,50,1
26,12,21,41
71,1,28
18,82
1,4,1,66,6,1,12,9,1
74,26
100
81,8,4,2,4,2
91,9
100
100
100
98,2
74,24,1
10,66,24,1
69,9,3,4,11,3
100
55,24,21
92,1,7
36,33,30
9,79,12
16,6,78
100
44,1,2,1,2,1,1,34,1,6,5,1
60,4,3,5,28
83,17
100
100
100
76,24
5,1,3,3,15,18,6,5,3,42
64,4,33
100
100
100
5,3,93
2,28,7,5,3,5,6,6,10,25,1
29,1,3,66
22,66,12
100
20,43,27,5,5
1,30,3,63,3
1,76,23
2,78,19
9,30,61
3,1,5,2,1,6,4,78
3,2,3,1,89
100
100
100
4,38,2,51,5
29,71
4,96
6,94
3,97
50,1,49
36,57,6
19,30,51
16,84
37,63
67,33
95,4
9,23,67
100
2,34,3,60
3,97
49,51
12,8,9,39,15,6,11
14,86
1,2,4,5,9,2,57,8,12
30,13,6,13,1,32,5
25,3,3,69
11,89
100
25,35,34,1,2,4
68,13,19
1,60,39
9,1,3,2,85
11,89
100
12,12,73,4
34,32,4,9,21
8,10,5,12,66
28,10,2,4,2,55
68,30,2
2,98
100
100
53,12,1,1,1,7,5,7,13
1,1,1,3,22,38,11,22
1,89,10
55,45
39,61
2,5,1,1,3,87
1,85,14
69,17,14
100
95,5
23,77
100
20,69,1,10
100
2,4,93
78,21
100
73,26
77,15,4,1,3
6,5,11,8,8,34,28
63,37
20,64,16
58,33,8
29,60,11
81,1,1,18
5,95
33,67
4,6,84,6
58,42
85,1,1,6,4,3
2,98
100
85,15
22,10,68
98,1,1
26,74
15,2,2,1,1,4,3,11,60
81,19
100
9,91
2,4,95
100
100
100
2,2,96
100
100
1,1,98
100
1,1,7,18,10,17,15,31
8,86,7
4,14,6,4,7,32,35
7,14,33,6,37,4
100
99,1
12,47,25,17
100
1,19,80
1,1,2,91,2,2
15,2,26,15,16,26
22,1,1,75
18,4,3,2,8,66
1,1,8,1,1,25,16,45,1
97,3
19,6,76
1,1,43,10,43,1
26,40,34
95,1,4
24,5,8,12,51
37,16,47
1,5,41,45,8
65,21,3,10
15,13,72
1,79,20
85,1,14
67,1,31,1
100
71,15,2,12
100
100
100
100
100
1,84,15
2,2,1,49,46
100
7,82,3,8
12,88
100
100
36,19,6,40
100
10,41,47,2
2,15,82
10,88,2
92,8
21,66,13
100
4,3,92
52,41,4,2,1
5,72,23
100
3,1,36,22,3,24,11
4,96
98,2
2,25,73
36,16,1,47
2,1,36,12,48
100
1,1,2,88,8
3,11,2,84
8,92
100
24,5,1,59,6,6
2,85,13
16,6,19,58
8,2,2,2,3,83
88,12
72,4,21,2,1
100
2,53,4,1,36,1,3
100
9,81,10
100
100
89,11
63,3,33
26,18,3,4,4,3,2,2,15,21
2,4,70,18,5
92,8
35,14,6,4,14,1,8,8,4,3,2
7,93
8,8,5,3,18,39,8,9
97,3
100
11,17,72
24,16,24,36
7,1,18,11,33,29
99,1
42,17,1,6,34
100
100
100
97,3
100
4,96
23,1,3,2,40,31
72,28
100
45,12,43
100
14,1,86
62,13,13,12
100
1,1,2,94,2
100
15,27,30,28
27,27,40,7
16,5,67,13
82,1,2,1,1,5,7
100
100
100
100
100
100
70,30
100
22,39,2,36
20,5,75
1,99
100
100
13,68,19
100
1,99
24,53,3,20
72,28
47,28,25
96,3
57,16,1,8,18
61,38,1
12,6,14,7,24,1,25,10
29,12,59
13,73,13
1,21,64,12,2
9,3,67,20
23,77
5,9,86
100
90,10
2,1,96
81,19
100
87,13
87,13
100
95,1,4
81,1,1,5,5,5,2
26,68,6
35,29,36
99,1,1
1,3,24,72
2,6,5,3,4,80
73,3,24
100
1,1,1,3,10,1,2,5,20,39,2,12,2
5,7,1,6,8,25,9,39
6,1,56,4,24,3,3,3
1,99
4,5,4,7,17,21,2,21,1,1,1,17
35,8,48,1,8
72,28
4,96
100
27,72,1
2,4,1,3,4,87
12,7,81
94,2,4
100
28,1,1,1,1,68
100
56,44
100
100
6,9,14,6,3,38,24
58,27,15
100
100
100
56,44
100
100
13,3,31,45,1,3,4
31,27,35,6,1,1
100
3,31,10,56
100
34,9,7,27,23
51,40,8
100
100
100
100
74,26
100
100
15,15,71
8,26,34,32
100
64,29,7
100
100
100
21,1,1,69,9
14,25,12,2,5,42
59,40
4,42,49,5
100
45,55
76,7,17,1
65,6,6,10,5,8
32,41,27
11,4,20,13,42,9
4,77,19
81,15,4
1,99
35,2,37,25
100
49,51
16,3,15,36,2,17,5,4
50,36,13
69,28,3
1,6,18,6,2,2,29,31,7
3,16,13,68
94,3,3
1,99
68,12,20
100
28,2,70
28,63,9
41,11,23,22,3
14,10,21,5,4,3,4,39
11,11,15,55,8
7,18,32,43
74,26
100
4,88,5,3
33,67
22,78
100
20,40,5,5,30
100
84,3,4,8
24,47,28,1,1
2,2,4,3,89
15,37,43,3,1,1
48,45,6,1
7,37,17,15,8,8,6
16,40,43,1
24,22,6,4,45
26,30,5,10,2,13,13
1,98,1
100
4,1,3,4,87,1
51,18,4,25,2
3,23,32,42
50,50
2,23,31,17,17,11
11,7,55,12,14
58,9,9,23,1
67,20,2,11
1,22,18,1,7,50
10,8,45,37,1
20,2,50,25,2
50,3,1,3,3,40
100
100
17,12,14,2,2,53
37,41,22
100
6,10,11,4,1,3,9,5,1,4,16,24,4
30,70
1,58,41
100
2,8,46,3,17,23
12,17,5,37,21,1,1,1,6
99,1
52,9,5,34
18,82
100
8,23,69
1,50,25,24
8,4,2,66,19,1
9,14,12,37,29,1
50,25,24,1
20,6,6,50,3,4,4,2,6
10,90
9,12,47,4,19,9
5,29,17,48,1
41,5,6,47
100
11,89
96,4
99,1
100
93,4,1,1
59,41
5,95
100
100
24,2,1,73
62,6,8,24
14,2,5,51,14,14
69,4,5,6,16
16,62,1,20
100
100
100
62,38
100
100
100
100
94,6
100
95,5
21,33,19,27
88,12
75,25
57,43
6,12,4,4,20,1,15,16,11,2,2,2,2,2
97,2,1
100
46,11,43
2,1,22,3,4,4,13,4,9,19,14,6
8,16,36,1,4,31,3,1
20,15,14,9,17,10,5,2,3,4
50,50
94,6
99,1
89,11
23,15,62
17,82
43,3,1,53
100
78,11,1,1,1,7
100
100
62,38
100
24,76
16,84
11,89
100
97,2,1
100
100
100
100
100
100
100
100
100
100
100
100
100
100
100
100
100
100
100
100
100
100
100
13,87
68,10,22
1,1,7,16,76
100
100
85,3,5,2,1,2,2
100
62,3,4,7,18,6
2,86,12
18,44,15,15,8
8,74,3,16
12,12,14,18,2,12,13,3,1,2,4,6,1
54,6,6,34
100
100
34,1,64
100
6,94
73,26
2,9,12,77
4,96
98,2
100
100
29,6,65
42,39,19
44,56
22,53,5,19,1
12,71,10,5,3
14,36,7,43
83,17
35,65
21,15,3,15,44
5,95
100
97,3
87,13
97,3
68,6,7,19
11,2,3,3,4,1,2,12,8,55
56,6,8,31
1,1,28,4,6,60,1
1,12,15,73
34,26,40
5,35,30,1,28,1
30,1,25,45
57,43
43,1,56
17,23,60
36,64
85,15
100
51,49
92,4,4
82,16,2
9,91
100
100
88,3,2,6
100
100
100
100
45,55
85,15
82,18
3,24,73
100
27,73
68,15,7,1,3,3,2,2
42,20,27,3,2,2,2
86,3,5,5
29,27,44
11,71,18
65,19,15
76,12,12
97,3
100
97,3
2,98
100
69,31
100
34,5,7,9,18,3,3,10,4,3,2,1
24,76
4,96
72,1,1,1,3,2,1,7,11
2,26,23,8,19,18,4
82,6,9,3
19,40,6,8,24,3
1,1,1,47,50
7,93
50,50
100
100
6,25,11,33,16,9
100
100
100
15,85
58,15,28
14,86
100
48,52
58,32,10
3,97
91,9
100
8,4,4,7,7,7,9,25,23,7
2,1,18,8,33,1,2,4,1,2,2,28
22,4,74
9,12,78
57,2,41
100
100
2,98
3,5,6,33,10,43
95,5
5,21,6,67
100
100
77,23
100
100
100
2,2,1,95
4,62,23,2,5,2,2
77,6,17
100
100
100
29,4,27,33,6
100
5,83,12
24,76
100
100
100
50,50
68,32
100
100
24,36,17,23
43,3,4,49
100
100
32,26,21,21
57,7,1,35
38,47,12,4
75,8,17
32,68
100
100
12,88
100
100
100
29,71
42,58
100
4,35,7,21,20,14
55,45
99,1
1,5,15,7,6,5,7,19,34
4,38,42,8,8
40,13,9,38
87,6,6,1
18,82
10,25,14,30,19,1,1
3,94,3
5,1,1,58,34
39,25,1,36
21,78
54,17,24,4,1
100
32,16,17,14,21
19,63,13,5
78,2,20
45,55
100
1,99
74,16,5,5
43,57
38,62
100
77,14,9
100
1,27,17,16,11,28
95,3,3
100
100
29,3,51,12,5
1,1,98
51,49
38,1,61,1
1,1,99
100
83,4,2,11
69,5,26
30,8,15,1,47
100
3,97
37,1,18,13,30
99
9,2,2,87
87,13
94,6
89,11
86,2,1,9,3
4,21,38,36
18,1,54,27
1,4,73,22
39,24,3,1,34
1,1,17,1,17,34,11,7,11
43,36,3,18
100
1,17,26,22,34
100
10,89,2
95,5
2,2,49,7,9,2,2,4,11,9
44,2,2,10,40,1
39,2,13,7,1,9,9,6,8,6
42,1,55,1,1
100
61,13,26
2,2,12,38,47
95,5
41,59
95,2,2
20,11,12,33,13,6,4
100
44,21,35
59,14,27
95,1,3
50,50
6,3,2,4,8,4,73
3,1,97
48,3,44,1,3,1
25,47,3,5,15,5
100
65,8,11,16
9,51,41
3,27,17,53
6,88,6
24,51,24
10,7,2,6,2,3,5,1,1,15,28,19
2,4,6,88
31,69
12,88
95,5
100
100
42,57,1
100
2,17,4,25,10,5,4,21,11
100
14,40,11,25,11
19,19,1,23,38
100
32,49,13,7
99,1
45,55
4,24,9,6,35,5,2,16
11,10,30,23,14,11
87,11,2
100
38,19,14,24,4
12,29,55,5
52,47
8,12,35,33,1,12
100
100
61,39
1,30,7,5,3,4,5,13,29,2
5,49,17,29
14,21,9,2,12,3,26,9,2,1,1
55,45
39,60
19,50,27,1,2
9,74,16
100
44,1,5,6,1,2,1,25,10,7
19,21,5,54
18,81
24,25,26,26
71,29
53,5,17,19,1,3,1,1
21,44,35
16,15,1,12,4,1,7,3,5,37
15,22,62,1
89,11
36,12,11,20,21,1
3,97
100
13,14,7,13,52
15,51,21,10,3
12,9,24,29,19,7
9,37,35,19
1,40,7,3,9,38,1
22,11,17,21,10,12,7
100
5,2,92
1,99
18,82
100
17,17,44,22
100
64,2,12,8,11,1,1,2
1,44,6,8,1,40,1
51,8,9,31
3,14,5,1,9,9,1,21,36
10,45,1,1,6,1,37
12,57,9,15,8
32,5,39,23
3,44,36,17
1,6,5,5,10,5,1,17,38,12
5,8,86
19,3,8,4,60,5
24,21,16,37,1
27,4,31,9,29
48,1,16,35
22,29,50
26,22,17,26,10
27,26,34,13
85,15
1,14,4,8,35,34,1,1,2
20,37,3,12,4,10,14
50,50
22,36,6,37
24,76
1,50,49
2,2,2,92,2
28,3,2,55,10,2
3,2,5,4,28,2,2,29,26
19,9,39,33
1,16,32,12,35,5
100
28,37,1,1,18,15
85,15
3,66,7,1,1,2,14,6
1,1,98,1
36,5,59
100
28,10,10,24,21,6
6,9,2,10,28,6,39
17,12,27,44
3,13,11,68,3,1
73,27
11,12,15,14,47
2,2,4,7,58,27
49,45,6
25,34,41
3,4,2,29,62,1
1,3,36,60
35,5,17,17,25,1
33,1,29,6,32
9,6,34,15,21,8,7
1,5,7,43,9,35
19,29,3,10,10,4,22,1,1,1
8,28,1,1,2,1,9,10,8,13,18
23,8,8,2,5,10,8,22,11,3
50,50
8,5,3,3,41,40
59,41
3,70,27
50,8,42
100
72,28
100
44,23,32
7,12,51,30
100
6,30,63
15,20,7,6,16,3,26,6
28,5,7,1,2,2,2,17,5,1,11,18
25,27,29,19
11,9,21,46,14
15,7,28,49
31,38,31
3,2,7,2,3,8,6,9,10,5,15,14,16
1,13,10,1,1,9,1,1,33,3,8,6,10,3
24,6,9,7,10,7,22,5,2,9
2,3,14,6,25,33,17,1
4,2,94
4,18,5,10,38,4,19,1
27,73
30,70
75,11,4,6,4
36,4,11,33,17
11,54,35
17,16,29,29,9
1,10,1,1,3,83
7,30,63
14,52,34
38,62
15,11,38,6,2,13,4,9
100
5,7,8,10,18,5,12,9,26
39,1,46,13
7,19,31,44
38,1,2,7,52
36,31,18,14
5,8,5,5,6,1,7,10,2,19,17,15
65,1,1,6,2,7,8,11,1
54,46
49,51
1,1,25,13,33,27
24,6,6,11,13,11,11,11,6
1,45,45,1,7
1,7,14,23,6,6,23,14,7,1
10,16,10,38,14,14
1,39,8,19,33
12,56,4,29
3,6,42,48
1,1,12,7,9,16,1,55
22,2,75
7,2,11,52,21,6
84,16
3,54,29,5,1,2,6
63,37
22,5,74
3,4,25,5,3,12,4,5,7,10,22
68,3,9,4,3,12
6,41,31,22
76,4,19,1
1,1,99
2,1,1,4,93
8,82,10
100
11,6,19,64
12,16,6,26,4,4,31
99,1
92,8
100
100
41,36,23
66,11,23
61,39
51,49
15,4,7,9,1,15,45,4
31,21,2,8,16,22
13,2,27,18,34,6,1
48,52
10,9,1,3,5,39,11,16,1,1,2,1
12,60,3,4,3,2,8,5,4
6,5,7,1,13,27,18,5,9,10
1,35,17,1,22,11,9,1,1,3,1
45,55
99
100
18,82
98,1,1
100
16,84
57,19,24
1,99
7,5,42,45,1
55,7,1,1,37
73,2,1,1,23
51,49,1
98,1,1,1
38,42,19
37,9,15,12,27
22,35,1,41
67,25,7
16,81,3
77,23
2,3,3,6,3,6,1,1,11,5,5,4,4,16,4,27
21,63,15,2
20,33,1,1,44,1,1
92,8
3,8,49,40
100
100
100
100
67,29,4
13,44,34,9
100
17,60,8,15
100
79,21
1,74,25
11,29,60
51,2,46,1
4,6,25,6,30,1,6,22
65,32,3
1,32,1,57,9
2,12,2,3,14,55,4,4,4
8,9,57,16,11
87,4,10
2,20,26,52
16,28,36,20
38,5,8,1,2,3,18,25
44,5,15,6,10,21
4,9,16,1,16,2,5,5,7,34
23,7,5,65
1,99
12,6,6,2,6,1,2,5,15,8,17,11,2,2,1,3
12,3,10,1,16,1,8,2,9,11,16,6,2,4
35,57,8
3,14,10,6,1,6,34,15,3,5,2
25,14,16,3,25,16
5,1,3,5,17,4,4,7,9,19,1,27
100
100
3,37,45,1,14
43,35,23
75,7,12,6
1,9,1,1,48,41
3,4,1,2,79,4,2,2,3
23,27,1,12,32,4
85,9,5
3,66,8,23
25,1,1,1,33,23,16
69,3,7,5,2,9,5
88,4,1,6
15,6,4,76
79,14,7
3,97
44,1,22,9,12,12
1,99
100
42,50,8
31,1,35,33
100
100
100
47,20,6,20,7
100
24,9,67
46,54
15,34,9,3,8,14,17
13,18,68
100
3,97
68,31,1
1,14,14,1,26,28,15,1
83,4,2,9,1
14,20,49,5,4,8
7,38,38,1,13,2,1
32,19,49
46,3,3,3,32,12
45,48,7
100
79,21
25,4,4,27,39
2,98
1,10,15,30,32,12
14,2,23,25,8,10,17
1,99
18,14,17,27,10,4,2,3,1,6
51,2,27,10,6,4
38,57,5
100
100
55,45
52,45,3
4,1,23,30,7,1,2,33
11,22,6,57,4
10,1,76,12,1,1
100
2,47,48,4
66,24,9
38,10,48,5
13,6,30,21,30
1,17,15,61,2,4
18,74,4,4
1,19,80,1
21,79
31,69
90,10
63,37
79,21
43,57
16,7,7,69
1,98
32,67
4,6,1,2,4,15,69
100
66,3,17,13
3,1,2,94
100
85,15
100
18,18,1,20,43
11,89
100
13,2,1,84
3,1,57,38,1
7,4,6,71,3,9
44,6,20,30
1,1,62,5,9,8,15
100
100
31,69
74,22,1,4
1,45,47,6,2
23,53,3,21
41,59
16,14,70
92,2,3,4
48,6,46
77,12,10
88,1,7,5
100
46,36,8,9,1
11,1,89
45,3,27,26
10,90
100
50,2,9,6,5,6,11,5,4,2
100
32,16,51
6,9,30,34,3,17
3,24,9,3,3,48,10
3,6,4,3,10,11,3,27,6,15,4,3,3,1
4,1,5,4,4,19,7,8,49
40,28,1,1,29
50,50
15,64,10,2,5,3
12,30,1,1,57
79,15,1,3,2
1,5,2,9,7,75
27,23,17,8,13,12
100
6,2,1,1,30,61
37,2,54,5,2
53,41,6
7,4,1,1,34,16,37
11,65,7,1,1,2,1,12,1,1
24,1,7,29,39
3,1,2,93
8,10,7,3,3,56,7,6
39,51,9
16,20,19,1,1,20,23
100
29,12,28,5,1,2,1,10,12
6,37,32,25
46,48,6
10,42,11,15,21,2
15,4,5,6,4,19,7,41
19,1,3,15,16,1,29,1,12,1
62,4,2,27,6
13,29,58
31,31,39
10,3,10,1,15,1,60,1
2,3,24,71
57,31,12
79,2,13,6
13,23,27,1,31,6
17,59,9,3,7,4
35,1,1,4,9,7,1,4,4,2,2,4,15,4,8
100
74,26,1
4,13,8,1,6,6,8,4,3,3,2,42
13,6,9,15,42,11,3
100
5,5,91
100
54,1,5,1,22,12,6
10,1,8,7,3,30,40,1
1,2,1,3,94
8,1,90
15,22,16,31,9,7
49,4,42,5
62,38
6,19,4,4,7,34,1,15,2,7
65,10,2,11,11
81,1,9,3,2,1,3
7,12,12,68
49,6,32,11,2
34,3,21,12,8,10,12
2,43,13,42
58,42
10,15,50,1,5,7,12
4,33,6,15,1,1,19,10,8,4
7,2,5,5,15,2,7,10,4,13,7,3,5,7,7
2,13,11,3,17,9,6,19,7,1,3,8
67,31,1,1
1,8,1,1,3,22,65
1,1,55,43,1
75,25
21,12,56,11
42,34,4,14,3,4
7,32,15,18,16,12
44,56
100
33,9,21,37
9,5,1,1,1,5,2,34,42
100
100
100
4,17,1,19,22,6,22,8
100
6,21,73
7,29,1,63,1
21,11,12,4,9,16,9,18
81,6,6,6
7,4,9,4,4,15,16,19,11,8
6,94
7,55,38
6,3,33,5,10,26,17
17,3,5,6,4,2,3,4,3,6,13,17,9,4,1,2,1,1
9,36,2,17,36
11,1,6,31,41,11
4,8,18,40,29
31,7,1,1,18,17,18,7
66,34
40,11,19,30
100
100
71,29
100
100
100
100
100
1,2,34,8,49,2,4
8,31,51,10
1,17,5,56,12,9
9,12,1,3,18,16,11,31
1,22,44,11,11,11
2,2,95,1
71,29
95,5
13,6,82
2,97,1
1,99
98,2
10,90
1,6,25,23,8,25,12,1,1
100
55,45
5,7,21,3,20,40,3
93,7
4,11,2,1,1,58,24
2,2,8,2,2,13,13,10,3,13,33
17,26,21,35
41,27,32
100
42,23,26,7,3
93,7
42,58
25,3,4,11,57
54,20,26
35,64,1
5,55,5,7,17,8,2,1,1
3,21,37,4,11,20,1,4
20,80
18,26,31,16,4,4
44,20,36
13,4,6,4,44,29
15,85
28,3,23,3,5,12,15,11
19,6,16,60
100
100
61,6,33
55,45
1,1,9,15,1,1,72
54,1,45,1
1,1,9,11,48,31
15,19,15,51
62,1,4,6,23,4
100
14,19,2,1,1,29,29,4
11,2,36,11,39
28,10,3,12,38,1,8
5,1,6,49,19,3,11,4
46,13,41
59,12,28
6,88,1,5,1
13,35,1,1,50,1
21,1,1,1,73,4
49,5,17,3,6,4,3,3,3,2,4
10,6,13,13,28,20,2,2,3
49,47,3,1
51,49
28,15,1,55
54,46
18,18,23,41
100
4,1,57,39
4,10,69,16
3,1,96
100
31,32,22,15
65,6,1,28
62,38
33,23,5,1,15,4,14,5
29,19,52
52,8,5,2,1,20,1,12
36,1,63
15,1,46,7,31
1,31,1,1,9,3,1,26,27
13,19,1,4,55,9
6,8,47,7,1,5,1,13,2,1,8
2,52,3,1,42
27,31,5,3,33
20,38,23,10,8
1,1,4,1,2,37,3,2,1,2,48
31,7,32,5,5,1,1,20
2,3,36,1,3,14,4,38
13,6,18,17,3,2,2,5,7,10,4,6,3
8,92
3,1,4,3,4,9,1,9,1,1,3,1,58
51,48
28,20,41,3,8
45,56
41,42,2,10,1,3,1
5,1,1,1,10,38,1,28,15
4,4,6,26,3,12,5,7,33
62,22,1,4,3,8
13,2,6,2,8,7,30,6,16,6,5
19,32,15,15,5,9,5
6,4,18,9,6,11,5,18,1,1,1,21
3,16,10,3,29,39
33,1,34,31
42,1,56,1
9,22,23,2,4,19,17,5
5,5,9,15,32,31,5
28,14,27,8,23
11,3,34,5,12,7,8,18,1
3,2,1,8,15,6,2,1,11,1,1,1,2,23,23
51,4,44
1,4,38,3,5,1,50
3,10,6,7,12,1,19,7,5,11,7,5,7
13,26,30,15,1,1,8,6
2,9,2,43,21,2,4,2,13,2
1,51,1,15,12,1,1,17
2,16,14,15,1,10,9,23,9
34,13,5,14,1,23,9,2,1
9,3,3,2,4,4,3,4,7,4,4,5,5,4,6,6,18,9
9,44,1,2,1,6,33,1,1,2
1,5,1,10,7,6,1,22,46,1
1,4,14,3,1,77
65,1,1,34
2,39,15,3,1,5,35
46,7,1,1,3,3,1,37,1
3,80,17
6,3,3,4,14,3,13,42,1,2,9
8,5,4,4,18,17,3,22,9,11
27,11,62
6,11,2,1,2,6,2,4,4,4,8,4,3,6,7,2,1,1,2,22
3,3,4,19,3,3,3,36,25
8,5,3,3,2,4,32,9,5,23,2,3
1,57,3,3,29,7,1
69,26,1,4
2,5,1,1,2,4,11,4,2,5,2,2,2,33,4,19
47,53
25,75
4,34,29,33
100
5,2,92
85,13,1,1
20,5,9,66
100
100
96,4
100
100
45,8,40,1,6
81,8,11
100
100
100
95,5
3,97
46,24,30
4,96
5,2,5,5,84
6,11,8,6,35,1,33
1,1,89,9
13,36,24,27
46,24,11,18
10,4,77,9
2,15,13,7,63
28,24,22,9,13,4
38,57,5
26,15,7,8,25,1,3,4,11
53,46,1
100
1,1,30,37,32
33,11,11,39,6
76,10,13
70,10,8,12
2,25,73
23,10,51,8,8
9,3,17,19,11,1,1,1,30,1,9
3,1,57,7,32
8,76,16
31,9,22,1,38
64,36
1,49,1,1,22,4,1,16,7
9,36,36,18
3,4,25,3,2,3,14,3,5,29,9
44,56
100
91,9
73,4,4,1,2,16
39,7,7,3,19,13,5,5,2
100
100
100
12,4,5,3,8,7,16,10,7,4,5,9,11
31,40,29
33,32,34
43,9,9,15,24
41,4,8,5,1,8,2,2,1,2,1,3,7,16
3,96,1
42,37,2,5,6,7
5,6,5,1,1,83
1,32,28,14,26
8,3,2,22,9,5,25,25
5,7,1,1,46,41
48,16,1,9,11,14
31,10,1,12,23,23
51,10,39
12,2,1,1,11,8,14,10,6,13,13,7,2
100
27,24,8,31,1,8,1
100
1,1,43,12,14,29
93,6,1,1
2,5,50,43
33,56,7,4
18,45,36,1
11,18,26,11,8,26
8,7,83,2
23,6,28,3,3,16,21
9,1,35,55
100
22,77
27,11,62
5,26,18,2,2,12,3,10,11,2,4,4
19,9,30,17,3,20,2
9,28,6,16,4,6,31
46,54
97,3
100
42,58
18,1,2,5,6,67
22,6,72
10,43,23,24
100
100
100
93,7
31,12,1,4,2,4,5,3,10,5,25
3,14,1,43,40
5,5,16,1,6,1,1,4,62
20,15,44,1,4,1,1,11,1,1
100
24,33,6,4,1,15,3,14
94,1,4,1,1
99,1
13,12,18,1,5,1,4,1,5,1,19,11,9
89,4,7
32,49,15,5
28,15,12,18,26
70,9,1,4,1,1,14
27,21,21,31
46,7,3,44
95,5
1,6,1,6,12,74
5,47,5,37,5
